org/bellard/8424E7F704FBA6E17DF9718DF65B6D83B9103EC038CA6D6F924A2E191A266DAA
1.0  1.0  0.529795366885

org/calbaseballfoundation/BE8AAF15037717AECA721529AC869821CB8B825A0C3E771EC7FD44F82D78A5A3
1.0  1.0  0.901727748247

org/cancer/www/C2828E96FB3038F32065F36A77F2D1F61490409A269BC143A06C0092B62F0E0B
1.0  1.0  0.776238755124

org/catg/www/A00E39A4100A849AE90AF1F2F3C28483E91F22F191B379CA44E4055A4B368774
1.0  1.0  0.945660238994

org/catg/www/CDDC662FEE02864059DD27436CC58A160A4E3DC10041BAAE94B188252738F9DB
1.0  1.0  0.88615548844

org/ccmixter/B2A7F52450DC0E876B0B3C11180EF3E0C92049B4085B8766265A60A9574E1542
1.0  1.0  0.759793143257

org/cdlib/dataup/D86817318E99A3C32617CD38D12C4A39A97E3D2187C94D5187727880063F27E1
1.0  1.0  0.947432448958

org/cdlib/oac/www/D8AC044C06CACDE40F0D566BB2F75A99FAC24F95176B8C73648A15F8BB163286
1.0  1.0  0.873829648082

org/cgiu/www/2F6DF6AB5245CC9C0C33EAEABC2D3FCA4C04A1E7749F4204E92578F744566412
1.0  1.0  0.924245819154

org/cgiu/www/DB79243F34891B9BCA7E1D5923B68513C989B2CEA820D23D9618B8344D7F4142
1.0  1.0  0.94428919857

org/ciet/akneahr/59123C9D52623E1EEFDE9C4FD490AB5DCF67588C7F58FD0D397EFF3680FDBCA7
1.0  1.0  0.964271691579

org/ciet/akneahr/87D0A0B43858828D7F67886B6898B60BB773BB19EF6C5737EEAE4994588D8EED
1.0  1.0  0.947432448958

org/cleanet/A6BA317E76B6CFB702A9E06972A022A09CADD24B0ED585EEBE4962F0336D93CF
1.0  1.0  0.866616537481

org/cleanet/F81072E77E9CC4CB904EF170F7D075405C5DAEAC3041A6A114358CC4C08FF6BC
1.0  1.0  0.918646832381

org/cmmap/www/2CF710FAB9BAC054217A8E48E740DE58BDA926851D0B874B5D8894B06CF0DCB6
1.0  1.0  0.937493427103

org/coast-santabarbara/C41AC7F5B779A66B5E9FA3121C81F7D5CB14DDF10F96501F3CAB57847CC41626
1.0  1.0  0.912967436805

org/copernicus/meetings/63A279069E416D5E7C158B132A8297F49186828C7A55BCEAD4B684B7CDEB9A41
1.0  1.0  0.950671280579

org/copernicus/meetings/B1CAE44FE9C09FA99943132A3AE05C175A4DD4FC9CD6269AC2CC713F4D5ED6E5
1.0  1.0  0.950671280579

org/copernicus/meetings/B81396089490F8F4201E8CE44E8599237CE6B7CE2D73775F9FE478581BE36880
1.0  1.0  0.950671280579

org/copernicus/meetings/D18FA3C548298146C8DECC58CBB20188AE2F1AFF960AA9F102DA874BE232F8EB
1.0  1.0  0.958220514797

org/creativecommons/1B408FE036F427D6A115BA91761BFE1F9B54E7B901580928340DE6E024016B54
1.0  1.0  0.902051134052

org/creativecommons/826F4B1EC73BD37CB9AD60039150BDD365E39E13727CD4BCB9BF08AF6C94615B
1.0  1.0  0.902051134052

org/creditmonitoringservice/www/18E00B2CC8E9136C5C6C9517B2ADEEDD768AD1BDB71359A6D4330B88A64B9019
1.0  1.0  0.604537482226

org/crossref/www/1A756AD4BDCA2BEA2FB819201B7FC4737F8CE018AB1CF259382DACB0309AB48E
1.0  1.0  0.904904721743

org/cswe/www/65E648BBEFA8FF88AE740D6A3DAFA03C519B460E80662872468CF0684FB37C54
1.0  1.0  0.917592304618

org/ctbuh/store/24143FE1D61322DEACA8FFE51E13418E36BF9434C67DCB39A50B2DB47538AFB3
1.0  1.0  0.723842860994

org/cufund/www/280E2A2727711B021C16ACC15A88EABEBFDAEC33F66A287E4473AD5B3248D6F8
1.0  1.0  0.940831505548

org/datacite/mds/029E5FEF6E52A3B5AE1B2EC940303EE2589633D0F31F3829D31C664716B72E9A
1.0  1.0  0.833173734692

org/desertinitiative/D6895C0E3AF1648F2AAC3B78309003F68EACCAA25B6C9A3614AF16268183AF8B
1.0  1.0  0.920331910213

org/dmptool/EBA7A53F63942147D8876514C6894172FC9454EED72690C763844980753D886E
1.0  1.0  0.947432448958

org/dotclear/B8B919ADD3F608EA5DC00BE0DEE2CBCE3AA2944EA3F25215A3AC90032B2E0832
1.0  1.0  0.905102587215

org/earthsciencefoundation/CFCA76818A1B1D891EA3ABD5F707E9FCCAB492942DC81EBB806B5D259B6B58E1
1.0  1.0  0.640494560669

org/earthsciencefoundation/FD8B1D21DCD29AC8F2D0DF17CEF217F7E7CEA9352875F779FC6C5CA75208513D
1.0  1.0  0.741826368058

org/environmentalhumanitiesnow/40BAEF7AFE90325C84A7AB6176F4F6E8980D3B4FFF84CD888A3F60CB2CC17233
1.0  1.0  0.851299797352

org/faqs/www/260D9FBFBFA3681B5032811A901C5C9D934620182FD95319C5AC16CE5DAFA546
1.0  1.0  0.53730221982

org/gdao/www/1024468EBBE1651C3E7FF291E108022012363FD63BDABA7C28E3A190E651EDC2
1.0  1.0  0.91370897036

org/ggbn/22E591BCE90C07CE16F6EFC68801AF93444B59C1FC5CCC3E34875703A0F5F7FC
1.0  1.0  0.948105622561

org/ggbn/4DDBE3F490A114A8371B714E33F5303CE8D83FE7D47D9F74944C57DAF34D7931
1.0  1.0  0.934025947337

org/globalspatial/www/46B128F52CEB5C1A8094A5691CB6B0AADC48F8C164545E023AE721A1901DBC7A
1.0  1.0  0.932158172315

org/gnu/www/20F5564D327E2FB4FBD1D1157588E3B8528CDDA2D2AAEF0007EBE835917F53AA
-0.516241125613  -0.220982190695  -0.307225857509

org/gnu/www/6E95C36FDFB65E37C0471378BE34E4745DC612D9470E28D8A57CFAFF838BECFD
-0.656814698155  -0.0924231576941  0.00441599600804

org/gnu/www/8002347AF4B59EA279F9BA813E30F77BCB24F7621F90515062B9A88C9A5E8659
-0.516241125613  -0.220982190695  -0.307225857509

org/gnu/www/94306D8E9E6289B7A05FFD31E7095A0EA9FCB9B37507DAE9B89AB4B16536B57B
-0.383026987221  0.104662969624  -0.331147826686

org/gnu/www/D92E34C6665F96E6574D136EACEE03D7E675C756ECCCAD85CFC0DE791331C2C8
-0.516241125613  -0.220982190695  -0.307225857509

org/hdfeos/04EC48764D59609FAC74320569B4ABB4B0C5B9D55334E363E931CFF14D7FF14B
-0.516241125613  -0.226597659841  -0.304595059187

org/hdfeos/083928EED47606D14EB709A036D3FD43A3F316A8C8FC285024DECE638F9FB7FD
-0.516241125613  -0.226597659841  -0.304595059187

org/hdfeos/092F3EDFD04E2249C9D0E67783BA7969155E6F67FBF84BFF3059D8353070874A
-0.516241125613  -0.226597659841  -0.304595059187

org/hdfeos/0AA95203D72ECA1789FEB7214D00EEF9623BB26DBCDE8B5FAE59827F81ECAC74
-0.410304969931  0.202897688307  0.32341879644

org/hdfeos/0DAE1BFD1086ADC3B830B45477007B7775DB8983FE07AAAF63A7CBFC332CE23F
-0.624118000132  -0.146462144049  -0.110746046602

org/hdfeos/0DD25363D307FCE539B306924DCA2C84BD818C6FEE4A3FBC184D6BBB3309381D
-0.516241125613  -0.226597659841  -0.304595059187

org/hdfeos/0DF6FACB408D7DF4DA9293EDD37A2C629436AA0DF458B56F9ECEA169E3C2FEB8
0.163667676023  0.419687082651  0.0266059805614

org/hdfeos/0EAF71999D67BAACCF70A96BD241A88A3767B354321D1163780DA593B60A5914
0.163667676023  0.419687082651  0.0266059805614

org/hdfeos/13100D50281E53E31247AE61253BD02E1061076FE01EC050C1AC5A317FF41037
-0.715852025898  -0.062875986926  -0.117196109809

org/hdfeos/14EFA759BC9D3DA24944A55302048AE48082395A84D7A3884D072E36386CB77F
0.163667676023  0.419687082651  0.0266059805614

org/hdfeos/1CF9213E065AFA6544FB631A6C20D92CD987D73AB58426A16EF3FF7707B8E38D
-0.516241125613  -0.226597659841  -0.304595059187

org/hdfeos/1D148D79E070E52671444199035A9C4E61C852A0869D69E3A2F4F4FA0BCB7D18
-0.715852025898  -0.062875986926  -0.117196109809

org/hdfeos/1E8C50478544340BAE842242AB4C27A40DBB9730B1DF7A997000968BA627BC68
-0.410304969931  0.202897688307  0.32341879644

org/hdfeos/1EBAAF9E3A209F50B531A0C00E8CEA41CDE55E388C9DF43EE439D6EF96ED2A2F
-0.516241125613  -0.226597659841  -0.304595059187

org/hdfeos/1F7A5A8950A8495BD1A702DBEFA21D3415874C19E1371446F16382679497C9C1
0.163667676023  0.419687082651  0.0266059805614

org/hdfeos/231F93F88012EB5958581E623FF419BDFB3627714617A0722B914100990CC471
-0.516241125613  -0.226597659841  -0.304595059187

org/hdfeos/2489F013B08A4BF0395E262F81AFD3AEE54667CAEE11F06B93D439E7893675DE
-0.516241125613  -0.226597659841  -0.304595059187

org/hdfeos/26488ED847606570CE0894E152316C6660D32C3F9139AE6A921D0619D7B68FDF
-0.624118000132  -0.146462144049  -0.110746046602

org/hdfeos/26F090771DCE24C3F3BE747838FD06FD6CB4EDCD0455C6092A80D3BDB927E600
-0.715852025898  -0.062875986926  -0.117196109809

org/hdfeos/2909467369E15ED1FA52ADE37248AC81C30300061B1243E4D7968FED63F0BAD0
-0.715852025898  -0.062875986926  -0.117196109809

org/hdfeos/295CA66D6EBB4CD53A2562B16459747ED3A917E91815534C8A981D91BDE47EE3
0.163667676023  0.419687082651  0.0266059805614

org/hdfeos/29C000EE6693AB3EB4F3441CCC36AF45EE6F66957D26C1E5C46B63F1DF9CC509
-0.715852025898  -0.062875986926  -0.117196109809

org/hdfeos/2A72FCA487FE266FB3098735B4497F4CD54880D8EF55FFFC3B1BA569875BC2DE
-0.715852025898  -0.062875986926  -0.117196109809

org/hdfeos/2AAFD61985EB6B3FB26614A11DB672ACAFD5989FBBF98102F95C4B2793EB7B7A
-0.516241125613  -0.226597659841  -0.304595059187

org/hdfeos/304D9E1E528118B696709481BC23CEC3D9E65F3B6CC43CD966BD0C6B4421A33F
-0.516241125613  -0.226597659841  -0.304595059187

org/hdfeos/32EAEC7FAB550815ACEB27F0E786BF5129B2ED3E8BD28FC21E14E432EA9B4CE7
-0.715852025898  -0.062875986926  -0.117196109809

org/hdfeos/366C4E95EDDB2C412E0B8319730C8E602EDF614EBFB392D512C3EEB2DAB80FC6
-0.715852025898  -0.062875986926  -0.117196109809

org/hdfeos/39CC7C04464A85EBA975A44B3FC77FDE4636E767C62FA7C52AFC3D18C3D7C2A1
-0.516241125613  -0.226597659841  -0.304595059187

org/hdfeos/3BC6367E7AC330BC91332FCB372BB11CF92A4BFA60348A679F4DE05BBC82C704
0.163667676023  0.419687082651  0.0266059805614

org/hdfeos/3C7CD4DE81A7EB6D8B7EFE6A9097DC441E09CF5B2E3FD5C585D946E6E54CCCBF
-0.516241125613  -0.226597659841  -0.304595059187

org/hdfeos/3EF9A69A56EFB5D9A122DCBB40BF44034CB8EF20F35C21DF627460C3660FC4C3
-0.516241125613  -0.226597659841  -0.304595059187

org/hdfeos/3F58F3C7B249AEB119C0CC319B135A7F1B47C6FEC6CA1B18A6759214154B3CDB
0.163667676023  0.419687082651  0.0266059805614

org/hdfeos/3F6F3F83E77C4507BA13824356FD311B964F027434693B5853062F5AC8A71BA4
-0.715852025898  -0.062875986926  -0.117196109809

org/hdfeos/425C3E521964EF9C1A29957AC05855B754D125008831F3E35BBEF6FA00E8F46F
-0.715852025898  -0.062875986926  -0.117196109809

org/hdfeos/43C5606935334B25285FD8624F11D745F0FAF0B3F320FC354C7004D3E8E2BDE9
-0.715852025898  -0.062875986926  -0.117196109809

org/hdfeos/458F001D3063FF5BE43191753EA233082050D3F85DD28FCDEF2044017DC048B0
-0.624118000132  -0.146462144049  -0.110746046602

org/hdfeos/4C91D10772740F4CD34B0B83A5288776DB54D532C5EAFFD566CB41BC27BBCDE2
-0.516241125613  -0.226597659841  -0.304595059187

org/hdfeos/4DE2557961755EE39CB08E01C268A22FE37C28A33CFAE13B05DF7A2ED441B6F1
-0.715852025898  -0.062875986926  -0.117196109809

org/hdfeos/4EC269719B479064C32B0944F2B229BC29F730DB6824B6E3589E2869C52D25A8
-0.516241125613  -0.226597659841  -0.304595059187

org/hdfeos/52784DA093063ECFF5F81DDD2D1E4742C94662CD7155301529DD61C155657B7A
-0.516241125613  -0.226597659841  -0.304595059187

org/hdfeos/55D02EE9A863471343BFBE8AA969ADE9D464E7348B052BF24C536209EA69CEAF
0.163667676023  0.419687082651  0.0266059805614

org/hdfeos/5987B07445BF3E001B13401B697B564F8B3D3C4F4EB129426F47A24DA4637F37
-0.410304969931  0.0161263967058  -0.401441921753

org/hdfeos/5FFC7ABC58B6C6CECE90AD22508C7EE626DD1525992EB549DE58B8BB0172D85C
-0.516241125613  -0.226597659841  -0.304595059187

org/hdfeos/60A4D53C6D15519554AC0A65792F4A270D210579E9FE63560745AA8B17302976
0.163667676023  0.419687082651  0.0266059805614

org/hdfeos/61A5D4CF19D9C9C28A524C51DB4EC043DEDD5AD163C54E4B5C330D21DF18F0B8
0.163667676023  0.419687082651  0.0266059805614

org/hdfeos/62315B624E2DB93A5C108416C2376BC2D37E7A8AA3734F85AF2E67A24B8DB040
-0.410304969931  0.202897688307  0.32341879644

org/hdfeos/63880E4923B1DACBDAF07117943CCC0E71E7FA6C847FACE56845B056DCF9AD77
-0.516241125613  -0.226597659841  -0.304595059187

org/hdfeos/6C00DC20A508E963840F94300BB75953908A8FDBBB0A01384B462DD8D415DFF8
0.163667676023  0.419687082651  0.0266059805614

org/hdfeos/6D29D7CBE84540F02A8128258AEE5527EB0F9ADD5BE57190014B63196145010E
-0.715852025898  -0.062875986926  -0.117196109809

org/hdfeos/70EFE73B75426BA88299EADCDA9D935C5E0B4F8C0D6494B8D64C49D81A98C7AB
-0.715852025898  -0.062875986926  -0.117196109809

org/hdfeos/742E788850372675BA3C534EEBECF3A22C91A237E4EDB5F573084C9F6B995ED4
0.163667676023  0.419687082651  0.0266059805614

org/hdfeos/78D0CF13AEEC716EFFE0F37F4FEA503BDB74D2598944E4BCA4880CE5E2E5DD51
-0.516241125613  -0.226597659841  -0.304595059187

org/hdfeos/7964CA96D60D434BBF88E7FE96200110BAA4DCBA7F5EDDD59A2B2A32F4C15052
-0.715852025898  -0.062875986926  -0.117196109809

org/hdfeos/7CB05842F58C86242F24724EAA47EE0C576CB7E7E1CE98341E80C35B40868A8E
0.163667676023  0.419687082651  0.0266059805614

org/hdfeos/7D57B721EDEE6529380B781AD67F9FD750766015F4756C03425DCFC86E259A2D
-0.715852025898  -0.062875986926  -0.117196109809

org/hdfeos/81A1E320D0EF6AC914462222814722E02D834AAC7E0A6835E3F9443A99752A0A
-0.516241125613  -0.226597659841  -0.304595059187

org/hdfeos/838E1E0ED702A39F366CCF43F1846C421077DDE14FAD7716F30E7E85B2BC1948
-0.516241125613  -0.226597659841  -0.304595059187

org/hdfeos/87C167B3F0C358F7CFFBA0831649DC7E848206A3065E02CCA35A086F3AD17E1C
-0.624118000132  -0.146462144049  -0.110746046602

org/hdfeos/8812ED5E15E397804E7909B5F07DD17023A9AE74D1C88DC257F26D809EE16879
0.163667676023  0.419687082651  0.0266059805614

org/hdfeos/8989CD136EB9D8222FE60CD3E0FBC34B1C2ACF3F3F9FADB9E032343852D2C8E4
0.163667676023  0.419687082651  0.0266059805614

org/hdfeos/8AF45058CDCCE4F678F1630DFC4624ACA83316DD790409C947AF75F4C0B56082
-0.516241125613  -0.226597659841  -0.304595059187

org/hdfeos/8B0FDF082F5CCBF3F4FFC38F4BB0C9F88E9F2727524C1D910031B5268235262C
-0.516241125613  -0.226597659841  -0.304595059187

org/hdfeos/8BC303C007EC23E830A4A4C9DAA7891F56C316E9830F4F4B8D74934A3CC10841
-0.516241125613  -0.226597659841  -0.304595059187

org/hdfeos/8DB0987FCAE41A448186A2694388ED4868D5705405237A6F7E8CA995FBCF3B2F
0.163667676023  0.419687082651  0.0266059805614

org/hdfeos/935ADD83CC1C39EED6CAEA9B5943C1A938B72030E4E5F37B9EE743F2475EB6A7
-0.516241125613  -0.226597659841  -0.304595059187

org/hdfeos/9394E6311695659134401B91E8B4035A64F54738729A617C6AC6015E0D8169E9
0.163667676023  0.419687082651  0.0266059805614

org/hdfeos/9D609AF8C7EC032998FF6C680C48C15B115EB3CD54D6504E7B42E6A8A9A36F39
-0.516241125613  -0.226597659841  -0.304595059187

org/hdfeos/9E4220034170130CD2382DD29D382C844B9A81B7D25D3D3736CE22CFA1BB079D
-0.715852025898  -0.062875986926  -0.117196109809

org/hdfeos/9E71AEDF3637190693A60D1321F5543A1F2FFF9CC42ED89A21E469BA4EA2035C
-0.624118000132  -0.146462144049  -0.110746046602

org/hdfeos/9ECBAA165F14CBF901AFC277F87502F4AB069A318F47963ED85FD6977967370F
-0.516241125613  -0.226597659841  -0.304595059187

org/hdfeos/A16B6A0D29479972F803C1819F2852B253B9B90D4AC536E6308D5A6D1363F9A6
0.163667676023  0.419687082651  0.0266059805614

org/hdfeos/A3C3A1B3083E60615FC09B3AF89931E658B8C773E0C1CDC1690E194BD7F99C21
-0.516241125613  -0.226597659841  -0.304595059187

org/hdfeos/A6C7F1936542C3E867FB7D6209C08B20C031F75A06EBBA30495650A51C2F4450
0.163667676023  0.419687082651  0.0266059805614

org/hdfeos/A81E5E2089D94156591ABF013D6727E5CDB560ABE13D0A381D2FBBFF9BE7106E
-0.715852025898  -0.062875986926  -0.117196109809

org/hdfeos/AA3EDC8EB2954027001F9F1A6B295820DFDE1546E67704513DED1EF1D3FA8F60
-0.516241125613  -0.226597659841  -0.304595059187

org/hdfeos/AC36189CD67C8F2A97BDEAC39374426BCF407295109EB643A93CD4042CC76E4D
-0.624118000132  -0.146462144049  -0.110746046602

org/hdfeos/AD9EA346412E76416C3E6FC04367BF646F16DA3480BE346672D41AEAE1896A9A
-0.715852025898  -0.062875986926  -0.117196109809

org/hdfeos/AFD18D59566E5219556A4DB1E60AFEB771B779C6AB5AD4A066A1CC9F9EE2E5B7
-0.516241125613  -0.226597659841  -0.304595059187

org/hdfeos/B00A113F90EA87192582179DF02CF767B3BFED55D3EB4DE25D40BB43D07D8BB7
-0.410304969931  0.202897688307  0.32341879644

org/hdfeos/B4489614DDA833C91CE1A0717EC0B816E794E96CAA4B5CC49F98AE0DDC32CA9A
-0.624118000132  -0.146462144049  -0.110746046602

org/hdfeos/B6D6A1A9E2418674B9A5DF5EF0A7DC856C5BEEA8340D1E20FF38F2E8DC9E5478
-0.516241125613  -0.226597659841  -0.304595059187

org/hdfeos/B722B149809E30E047173C480A431388846DDD90D7C669D1B09EBDCC4A0D81C0
-0.516241125613  -0.226597659841  -0.304595059187

org/hdfeos/B94C4A18235AB67FB0FAE0CDE720ED54876B6AAFD11C03141275110C3BD49E1C
-0.715852025898  -0.062875986926  -0.117196109809

org/hdfeos/B96AE0B4C25747D9C9A8B17377267C6379D173AD269D2B1D870181D83B91C168
-0.516241125613  -0.226597659841  -0.304595059187

org/hdfeos/BCA3E4DF24072BE8AE40D101F9BA8C696DA97845670D88E03B4BDDDD504EFE1C
-0.410304969931  0.0161263967058  -0.401441921753

org/hdfeos/BDD17893A1E8FAF9D268129BC11B4CBE1E6EE2D4E7A8D18AEA64E735F8A5A6F2
-0.624118000132  -0.146462144049  -0.110746046602

org/hdfeos/BE18EB466F296BD3B2CD971C60DB33B92965FA9063A30C258954B1D9DCAD7FD9
0.163667676023  0.419687082651  0.0266059805614

org/hdfeos/C61D72C020B3B0F1B6B94190FB1FFA9F777C355D7FEECC91068C0DCB72249D86
-0.715852025898  -0.062875986926  -0.117196109809

org/hdfeos/C8AC715F55BCE94C06B82729541952FB4FACBD4405043124B8855F3ADD8A4547
0.163667676023  0.419687082651  0.0266059805614

org/hdfeos/C9C1F71FF6FC94C6F5A113DC28C2B8F19136B7F21339F2E13E26D5DA8A1F5492
-0.624118000132  -0.146462144049  -0.110746046602

org/hdfeos/D28DAEF5EBE656FB0102BD30921CFF076A21D490AB53E24858992AF25A5B308C
-0.715852025898  -0.062875986926  -0.117196109809

org/hdfeos/D396A6F03079658DF4264A12B6ACFDC3B953D5395F9E6FED734BC0C70C4CD7A4
-0.516241125613  -0.226597659841  -0.304595059187

org/hdfeos/D53C8E6A82548D7DB6DE5D804C17E5895EDF1CBEC7602B29354D7E31EEEDD353
-0.715852025898  -0.062875986926  -0.117196109809

org/hdfeos/DA6526A78E3FD551CB29B6CA1C8DB11EF54E8E61BE3D275DDC2F6B236FEEE8CD
-0.410304969931  0.202897688307  0.32341879644

org/hdfeos/DAE062B07B444BD4E6C86A2394AE3CDA0B0A1894CAC2E14C3BC6526E68AB98DF
-0.715852025898  -0.062875986926  -0.117196109809

org/hdfeos/E078FDE9E8EF7D0CA96B003595112A2F4F2A0B6A9EBF51A108C11DB94063B62E
0.163667676023  0.419687082651  0.0266059805614

org/hdfeos/E705EAB8755BE4CE56E0BB05FFE3B5E8411B91B7DA127275EA2C88FE575C0A64
-0.715852025898  -0.062875986926  -0.117196109809

org/hdfeos/E9BC84F0428D1E753C9E43679975C26723284D82CC11136341164D9019E9EC71
-0.516241125613  -0.226597659841  -0.304595059187

org/hdfeos/EB68F6A2EFE72EBF0D4E2E3DA61922102BD378108DA2FD9687433B6F7C407A20
-0.516241125613  -0.226597659841  -0.304595059187

org/hdfeos/F702D244F11485AF9B006D3422D779A18E41814D8FDBFD9B64905F830A73964B
-0.516241125613  -0.226597659841  -0.304595059187

org/hdfgroup/0DEE01D22C4A9427976FD6001B23C0E5F59F100C1F976E24FB890E3A7A35B626
1.0  1.0  0.884216655236

org/hdfgroup/www/135A324EED1832A972BBC3C29381A95404443BA3CBAEED9BA221B41816E647EF
1.0  1.0  0.884216655236

org/hubblesite/D6B8A18CB330D9D1403205DF7FFFF3C925B6378A4B1D62ACBA9422F13AA478E9
1.0  1.0  0.832203983

org/ietf/www/31267EF54EA567BA395B20731891D9F181956DCC8937AE7BB820AAE6B81CC884
1.0  1.0  0.759249277814

org/iso/www/33AD21F3F683446EC06ED1E4F6C48CD6D4F740560B9DAF307C0D4A64350E9ECB
1.0  1.0  0.960929758617

org/iso/www/F6E7C45771FD9A521B64E75B2F260BFA7F2A13DC05F0741A706121FEC56D78B7
1.0  1.0  0.9606844715

org/kcsb/www/CCA9083D86EBD7F47A5EB971C33FDEB88BBC72AB2E9B1F234C9270E9F99C3C64
1.0  1.0  0.945660238994

org/kqed/blogs/34DB1E2AC7F99B86BE9D35638B555DD7A2E88915C4D4159B297A5F3C027AE160
1.0  1.0  0.891129614121

org/kqed/blogs/F662D7D67CF7ED4F7C8DDF24EED1FBE4B4281854B98219F502570D45A7E5568E
1.0  1.0  0.891129614121

org/legalnotice/www/FBB7A78BA72205A32449D583A15031D99E3C296B8E0EAE1B25004C076314BD26
1.0  1.0  0.75144678016

org/mems-exchange/www/B86C1C7F7AE9F126D5905754EB3B5C9F51FB119888761D578830D98E1E911656
1.0  1.0  0.832203983

org/microformats/277050F124159C5AEECF9A4C8724A37E7CA3245D7775FFC9C5BB8AC21F8E364E
1.0  1.0  0.526235837947

org/microformats/80A28C2A1349E8BCACBD2835B97CA8FCA354520524DEC763FA698C5471AE8DFD
1.0  1.0  0.63152890986

org/msistudentsuccess/www/7A3D512EEA6E444E3B6EC9AA90B5AF4C5B9847FBE4E73CE32BC16662B9C1180D
1.0  1.0  0.732522033001

org/mycountdown/BAF4A898DD1065A7897DFFC5E928EAA5F3BF39CF81C6EBBD345E1092C8976CD4
1.0  1.0  0.655227327088

org/naco/www/75632C099AD059F148FF766101F17E0C4DAA83BCF02B983B1BA8423196C416A2
1.0  1.0  0.732522033001

org/nanoos/www/0B4A74AEEF1D8CEEC3E4FEBCDC1735609F7E0E405D7C1E18566EDADFB947A178
1.0  1.0  0.695542687189

org/nanoos/www/1D216D97A7211BAE667BD29AF9E6986AF2B28A5C097C9DE531D394B37603A180
1.0  1.0  0.695542687189

org/nanoos/www/3CC3272DA1B5520EB1F095408E424031AE8E36743A2F1FF44781DD2414CCF70C
1.0  1.0  0.695542687189

org/nanoos/www/466BA20473CBC0D21ED4DE4D36FA7DD4ECEEC1F654DFA39593E6622E42B8ACF3
1.0  1.0  0.695542687189

org/nanoos/www/576C4EB349E37CEA35FB448CD7F29C2C9958C824F297DD0F4BEE615BF3FAFB97
1.0  1.0  0.695542687189

org/nanoos/www/5C5C682138B7E2E357C2DAEC3941F98D1B1BBAD94343062D4CDDF4C3237A5A84
1.0  1.0  0.695542687189

org/nanoos/www/5DBD206972426F538BE91B5C45510462B714BA37C528A51EC898A68FCDAD300E
1.0  1.0  0.695542687189

org/nanoos/www/6496519E0DA384EA3A78DA369D684714663267F2582EE04BD0BB38E5145EB81F
1.0  1.0  0.695542687189

org/nanoos/www/6D916EA1A8F5114C1C721FC88FD04142E7D7BA0B98D2911B745091F61C7A73B5
1.0  1.0  0.695542687189

org/nanoos/www/AD53EFDEA31395B608A5CCD9A889DE352DDBC3D0241FA0A6971C63B653DEF143
1.0  1.0  0.695542687189

org/nanoos/www/BF658FF72903106D2AFCDC09AE36A468A4DC2F43CF03DFC6052F7F5E8ECE3164
1.0  1.0  0.695542687189

org/nanoos/www/C3907B4064B20612F479F5DD4819439377880944C80582373F8A54D44C5518DE
1.0  1.0  0.695542687189

org/nanoos/www/CBA3ADA3240D586017F549AC1F579EC3932B6D7998DE3333D5C724B2D35BA80B
1.0  1.0  0.695542687189

org/nanoos/www/F1ABCAB0E0C9BAF8C90BE4382A75D84E9DD2E82EC0BD3383FB542714B90A894A
1.0  1.0  0.695542687189

org/nanoos/www/FE5750E57179A02A1C7798A06DA108C9BF4A47AE161D4F7F6CE15F970B07058E
1.0  1.0  0.695542687189

org/nativefederation/www/F00AE65A98F1EB83B225CFAAC498A58926EA65792ABD7544D277214AD2294044
1.0  1.0  0.945660238994

org/ndphs/www/4884AA14232B6DB4143CABB97EE8C32EBA2BC8EDB19F909EE3DE7BCEBB613AFF
1.0  1.0  0.793229864921

org/ndphs/www/5DD9A9F531353B91C4052F2B9364A76589B734CD601B825E24A0087F08C407CC
1.0  1.0  0.923855969419

org/ndptl/www/2A3B6417DF1034FA70B905C3A7EFFC8847748F8F78F140721C324DA1068BB166
1.0  1.0  0.763488056116

org/neuinfo/www/E43AF11679A3991D938C2BE20790242C97CBC28600167A00B89A0AE87A72B08F
1.0  1.0  0.921639041028

org/newamericamedia/391454E29B3690ED16543883ADD2707181D6325B33D49DD5BB995B01202A4404
1.0  1.0  0.925063992417

org/newamericamedia/F041745D0EF2C97FD0A3C6B86E33FAE48FB19312C1895D74E2DBA660EA648D75
1.0  1.0  0.910225253463

org/nidsci/www/24D42CE4AA4961997076C9388C22458EA6B436EA917B5527B8440801FEAADD21
1.0  1.0  0.852965220534

org/niso/www/E3777E76F3993E97FC5AAF551427A7143D4BD9C9C83B588267EA8DFF24D718E1
1.0  1.0  0.909831154207

org/nlc/www/448CE75462C1C5051E90E1DE557899E658593C52FC01171DA82A4E3479B73541
1.0  1.0  0.948000056659

org/nsidc/0194AB87AD1213FBC290DAF57B87C4303E39B14A60C6F1D2F502ABFFED3BD8BD
1.0  1.0  0.904633661738

org/nsidc/0C99D33DD63EFCE42A8F5EDB79D329D22DC72F430B1D2E15D7F84642A68F2C6A
1.0  1.0  0.904633661738

org/nsidc/25D21481B31BF295288D6FF5E442A791C70C439FA20DEE09A8AD9F6941B14FC7
1.0  1.0  0.904633661738

org/nsidc/28665C13F46002B0F08714DE2D10638C111384B32F423D5A934E67AA466691B6
1.0  1.0  0.904633661738

org/nsidc/2E813F16F4D57EEE48F9603543ED6EE315B2CDEDD1EAFCD227A54A2767C138BD
1.0  1.0  0.88911393769

org/nsidc/303BD59D24497845908586FAC386D32D0B611572B0C9482FB74BDA20F554AB12
1.0  1.0  0.578257834485

org/nsidc/3465DF6F39C1B380B13CA63577ADF121031911425AD67DAA6C197845C62529F6
1.0  1.0  0.904633661738

org/nsidc/3C705209AFBD817DF9F0FF55927AC5E12FC3069A8A5233FC2B6B9AC7882AEF3F
1.0  1.0  0.958740675547

org/nsidc/436613B0321A262499E9283C81CC0C2DBC0855C88D83C59AFE30D73DF346D768
1.0  1.0  0.578257834485

org/nsidc/44E1E3D8BD244A8D73BBAAE081CAB32D95946B37B0B9335BDD6118E3072EBD4F
1.0  1.0  0.904633661738

org/nsidc/4570F57A3BB9DF2A7543D75D25D64BAE1E4B7EF5ECD79B035B69796CEBFC9E2A
1.0  1.0  0.958740675547

org/nsidc/47923BE043BCAEE8CEDFE4035282A6AB6D9F4A50A9FABFE5D1E017BDC2BFCE20
1.0  1.0  0.904633661738

org/nsidc/4FCCA7257E6ECA91AF482F7E78BFF721ECECE02D7EA9D18AEE77B59D41A2AFD8
1.0  1.0  0.904633661738

org/nsidc/677FE17A2EAB4BE90EC72FB386D13294C96D240BEF1BB29E3D2B5400BD41FCED
1.0  1.0  0.958740675547

org/nsidc/989FE3A78FBC8C5122695D5015E2C530DBC70A677B01533AE4CFF09EDAB5987A
1.0  1.0  0.904633661738

org/nsidc/99381B5AE8D1A05F3B60B85048F908219DF0F9CCD8032D0C7F88FBF2267EA1E3
1.0  1.0  0.904633661738

org/nsidc/A0B972977E20196022CDA822825D66221D75BCC6B636E4115751F8BDDB71ACA1
1.0  1.0  0.958740675547

org/nsidc/A296B7477541F2C5D6430351896A1FC2B47E49EBD8984E3A33A829D8997AAEBB
1.0  1.0  0.904633661738

org/nsidc/B3FC4E566BCBBB59086B61E22AC4EF00241079CFDC50E428C5A4D1C5EBFE458F
1.0  1.0  0.958740675547

org/nsidc/D4E72E9AB9B8AFF6A55519EDE416698768E32069802A6F9DD2D75E63522CA8B2
1.0  1.0  0.904633661738

org/nsidc/E1E73A215BBEB1CDAE630CBD8BFCB5E8CA0705EFE9ABBBBFC0F4DDC515A12709
1.0  1.0  0.904633661738

org/nsidc/E33C7DBA69AC794CDD7E068D2F87628A1D1506C3DA30B6E175FB8E9638004F8F
1.0  1.0  0.578257834485

org/ohchr/www/534EDC142A4783E783325A2EE374C09041981AB820A058957F482DA78F287F3C
1.0  1.0  0.724342058112

org/ohchr/www/A102616918151B8EB6D8E3039763059D9198391E440CD3A82FE93E166CEC9341
1.0  1.0  0.767500074526

org/okfn/lov/329AE9A91651855F7B2E8D99C4D67346500B434E9C9814DCC63DEB9F4E59B928
1.0  1.0  0.784940510884

org/plannedparenthood/www/BEBDAB5CDEBBED64E89F5EF164A71E7C4BD2947A2390BEA6B239E8CD6012F3B4
1.0  1.0  0.931586468358

org/pm/www/020F7B282D551E315C3D25AB1CBA8B924FE474A62B56C9AC1C6BEFA031E64FE9
1.0  1.0  0.910186121178

org/rasmuson/www/1451338E07D57C7BD683389EBAC3D7002C5D798BE5731E0870FECC51AB83CAE3
1.0  1.0  0.8379364011

org/rasmuson/www/594A163629497754C90DA9BE3869935FEE5A29B76BAD7EFD4AD2B78193C4C192
1.0  1.0  0.945660238994

org/redcross/www/709BB759F47DD51CC346B7CC3D3ABDB984038DD6FC8019CAC0AE8DD415F5C324
1.0  1.0  0.915218555752

org/redcross/www/F882F5DD6B31E176FB224C657FC621F49C9D728D31B28737B7B261027358EE77
1.0  1.0  0.788446582105

org/reindeerherding/AE3C0CD076F4D916FBE2E1E765AE633A7B9234BD4B2991FE222F5B7E1E4E27CD
1.0  1.0  0.945660238994

org/simile-widgets/856C19331526C4464B8B70753C9AE060AB9A0722228FD5043E7F96F2DAE1AE90
1.0  1.0  0.810445879491

org/smithsonianconference/inuit/A4ED1044C624EEF19DCF838B423611606DF968118985D8263033BFDFFBBD7953
1.0  1.0  0.782104092039

org/stateclimate/www/3BC09D6BDF7B089215E75A38B91718634E27F4DBE5E04A15731B1647D8A8B26B
1.0  1.0  0.775365119458

org/survivalinternational/assets/3415AF3D290151E172D1EAAF65880E2C31178672CC1A59513BD0A6155D994998
1.0  1.0  0.96330368176

org/survivalinternational/assets/7AE112AE4CDFA2394EB63030075CB31ABF8237B0612EB869B05AD7401059E31B
1.0  1.0  0.771455701237

org/synapse/www/2AB41357F4EFCA14FC1E28766EF7C63450D63F839D88DB8FD60CB7646470492C
1.0  1.0  0.732952886228

org/theecologist/www/5D20C4AE010303AFABA065C0BDB19CF2850AC91E59944E74ED713B6EB0CBFA67
1.0  1.0  0.808066394319

org/therobertabondarfoundation/www/CB02BF5F155C7B0CE6DCD6259DFA50066FD095058B518CE8CAD23F4B99F568A1
1.0  1.0  0.945660238994

org/tribalcollegejournal/www/4193C472B03D4D5075F5DF5F37CDEC2EA55FCCBDD4930278978A8BD2E0669A6F
1.0  1.0  0.640494560669

org/tribalcollegejournal/www/6BD6EE4B0191AAA093F0772DAC1C50B0781D6DC43030C41972233558CCB5F46C
1.0  1.0  0.716637028563

org/tribalcollegejournal/www/90C6A559ACCEE4F11B312682BB6524EF4EAC4C053E8851884C7809967799E780
1.0  1.0  0.741826368058

org/ucsfalumni/www/9AD4DB247E2F2C1F59CA0A1717076510F31D06B881E1C14AEF090A81A6C20075
1.0  1.0  0.869512129508

org/udfcd/alert5/007D7D075AA505B20EF21A74284A78F9A979F2999B313493D0AC976BAB10CA13
1.0  1.0  0.902698356183

org/udfcd/alert5/05C2CDE06EA9EBE0CF5F52F4D0B7893002D034241C43E109FDFAC78D48A4E1F6
1.0  1.0  0.902698356183

org/udfcd/alert5/05EF3FC1DE47A1EB9C6D8886DD45014BEE86094469DE29AC1938CC4E580C3352
1.0  1.0  0.902698356183

org/udfcd/alert5/319AB596FDE1007A534567A557649A7E2A7908900CF0E06FC25C48D0B04BF25C
1.0  1.0  0.615220316525

org/udfcd/alert5/4842E0FE55946A27F42612909647D5E6DEE71B0865A921DA46ECF8EAE81B1710
1.0  1.0  0.902698356183

org/udfcd/alert5/922B25CF549A799B6C440F1F56BD6F6D8777B2A910E8CA84C79FC1145A30AB27
1.0  1.0  0.933694857059

org/udfcd/alert5/97AD99598A1D7A463FF0C2CCA27C4A3D0C52ED3C94034A144046D2C2686216E0
1.0  1.0  0.979753880816

org/udfcd/alert5/D503F1DD29B867CE60C2360B545C18214FACDAFDE2F3945F3AFAAC008D8FD11F
1.0  1.0  0.883874369966

org/unesco/iite/C389534A9F3D627F9F13C6C3604BB5F6A720D8FE29EFBEEA8D4E1DE8065A4431
1.0  1.0  0.869604180778

org/uscg-iip/www/14CE0F9C5B7EBBE198B17676D69B1E767E4BECB9764B241E4018102218552057
1.0  1.0  0.852965220534

org/usvao/www/977248AA408EDAD05254CAB152C949930DE6AE20304F147443B073C2860EDC99
1.0  1.0  0.92179021283

org/virtualcounselor/www/9710A58BC9217C141A0D3AE52CE8DDE71E7D939EB8F343DF746EF1AE21CD8845
1.0  1.0  0.604537482226

org/w3/www/1B304F8CC13518D9B0F00FE96279D3B6810C9C5C98B7FE6ABBED0F427AF40C0D
1.0  1.0  0.897758333796

org/w3/www/254A1BDC2FB43F502D4A30CE24DF27372F2058603D551DEEB279615FEE8B4891
1.0  1.0  0.89484855122

org/w3/www/31719CEDB678EA836D6978D8F4A23839DFBD20AD961AA14963F3C7B05B93193E
1.0  1.0  0.897758333796

org/w3/www/6A4681E3FAA3972C127BAB78333AAB795DC5CC4FB4988FB13AC9FFABBF92DE76
1.0  1.0  0.897758333796

org/w3/www/7BEE67CCA1B47C6030A9E453A8FC27D2B94FFA9FFD9C4764A86B513E8E95DB81
1.0  1.0  0.897758333796

org/w3/www/C88C3ACCC9918B68410DE3C20325F6EEADF96CF90505D15F2F40EC675634FFE9
-0.731675427652  0.00980286449371  -0.290279735551

org/w3/www/D55AD3D5E3875463FC784C8B7BE794C3AB1E7508C97DEC88A46B46B5FEB1830B
1.0  1.0  0.897758333796

org/waterhealthconnection/www/9399881BEFFC6F612ABA8C8FD4123DD4E439B76CDB5469A9B2DD79079C0BA5B4
1.0  1.0  0.953100893777

org/widdiman/EB29C682FC88CEA6B4165D26FDED9EF60B6B8F3794BB8754AFB8D4416D375F22
1.0  1.0  0.945660238994

org/williampennhouse/9FB54938983DE7B899A8B09C76ED7F4FC7785048F0A1091B0903B98C6DC32D11
1.0  1.0  0.921266327371

org/worldwildlife/support/B54E5832B1A7A0E047FB1B578CB02199ACD82076080B4A513C41B7F4BBF81D99
1.0  1.0  0.84542375037

org/ypmuseum/www/114F91EF6136F238E4C1B178BAC18EAA02BC06057C13842DB43D9D6A3075DB68
1.0  1.0  0.852965220534

org/zsl/www/0CD5730C82112CB196296FBF755C5C7F1A46A56229F417AB7EFEC138F5BB60B3
1.0  1.0  0.76064632704

org/zsl/www/6FCB4C9A0AE89C26F0F72CD24DAA31E191F65E69EA295346B216F3778AC0958D
1.0  1.0  0.76064632704

se/kb/www/D568BE57781995EE821B4783265C00185B2FCD36C493E1431DB207342E8CAFFE
1.0  1.0  0.906776137713

sg/gov/nlb/www/C0EF8B0775EAEF38FC14469758A82CDD0C54851194D8F5538B9E56C828BCBC3C
1.0  1.0  0.841825320463

sg/gov/nlb/www/FD8617FF38FA149258604DD4483C1820C5C14BE1E1D8577EEE63982891AD81D5
1.0  1.0  0.753483716945

tv/uctv/www/14E70F4BCBCDB9631498B44495778850B3785449FC25DB13D56F77CA3B1101CA
1.0  1.0  0.735702741695

uk/ac/bas/www/98B3498947A4BB00CEF4934FE78ACE2A2F98289BAED6C2503F866C4CC963A4EA
1.0  1.0  0.816035197992

uk/ac/bodc/www/185AD3B4DA501E513C73DE6FCF4A1ED213C65CA4E452BE3B7CCE0356B17EA424
1.0  1.0  0.836199310136

uk/ac/edina/digimap/6F53D797B6D6E2E017BB0F51ED824BEC05018F3CB8965D590C90CB6C641A41AC
1.0  1.0  0.474506646087

uk/ac/kcl/www/44A0285B9C260334501B6181D1DF3E71197347158261FB8B9E88E465169C2628
1.0  1.0  0.753483716945

uk/ac/nerc/badc/C495CF454E7F59556DC7EB71557BEE41BF5480AA859FF0001692CF5DABBD7AD9
1.0  1.0  0.699870837015

uk/ac/nerc/badc/DD652FA4152C5181A8088DA5F2E69013B19C9196341F65EDCC3451E06B3203F0
1.0  1.0  0.986109137291

uk/ac/scran/www/3312F3C356FF116F5204336257A3DF987CE15F12E20568CD380F1523822639FF
1.0  1.0  0.777988414897

uk/ac/soton/blog/583690C7B860DE147261FBBC9C6B85098A28CF0DACE141B494327C2CA7E21A52
1.0  1.0  0.944585909476

uk/ac/southampton/www/BC7EAEC4EE8031A46DA32BCD9E4C6D5B3A30EBFE2B39D3A8BBB0B910B90E4EA3
1.0  1.0  0.916588769934

uk/co/bbc/www/6E87CA1A119EF81C3BAFA2540C1008CB2567C5817367EBC57C891AB47CA83D6E
1.0  1.0  0.755434760316

uk/co/russ-hore/www/C2DBB05D4E0328F8E3934CF6C2B8BB0DCB12282F2278A2E50FB83BBABBC90BC6
1.0  1.0  0.836199310136

uk/org/wwt/wli/10746BC304FE0B229DDF290307A84635F4BE9C487AE855FE6B8689B219830A99
1.0  1.0  0.842501453374

uk/org/wwt/wli/24E7E8D3B197F14A8E391BAD5386FB7DD2484A84E57A6594AF058CCDA8BAC836
1.0  1.0  0.945660238994

