org/aoncadis/www/B94027D44DF6B0099E59AE0CC088164303992574B0F1D07E1F0FC36AFD82CB81
1.0  1.0  0.999865255991

org/aoncadis/www/B9904C422B4E53CA44F52EEE9740B983CA11940D6EF0325942EC2BE2F0163C32
1.0  1.0  0.899620585534

org/aoncadis/www/B9FB4AF2D3A5FFBF2A71C2F9E30642B43D99C4255710BEA977A286FD9EFA5C5B
1.0  1.0  0.52218493003

org/aoncadis/www/BA66EE5A3A5D1F5B5F10A673DFB946DDCA68EF7C6F9184888E69DC7C561ABF16
1.0  1.0  0.185594140753

org/aoncadis/www/BA995E04A2CBB67B43437594B72D0E7356B5CC3B9E871A8038842A00E321BEA6
1.0  1.0  0.22408586213

org/aoncadis/www/BAE77A7DD0D666A08D2544D64CD4424691CD71262F341EA32610D933EDC937E0
1.0  1.0  0.331922158698

org/aoncadis/www/BB76E202DB06329DB68B37195E0A4ACC3E085BF6742DE818B30639380A63CDEA
1.0  1.0  0.262185782876

org/aoncadis/www/BB8E3BB9333A642B04D15EEC6C41DBFE62FEFFD97C3C46BF24F71FAE7EE3B96F
1.0  1.0  0.379451310993

org/aoncadis/www/BC0B0C1EA51454426C92F6A6F7A0F57C4DB4A5793EF08609C47AB88C871803F6
1.0  1.0  0.396980512867

org/aoncadis/www/BD1BCEE86842530F9882D6C94552D4489995B9182DAEC9D01103D9B9104AF02D
1.0  1.0  0.716195160088

org/aoncadis/www/BD6F0C29E5DDCD5E38963B6F9141F5C1B7FAFFD1D3BD526E4DB482CCC540A2D2
1.0  1.0  0.9108125647

org/aoncadis/www/BDD1D68F200A1E1DCD270B0E5994374D4D6ACBA451D13DC93F708CBC3B8F3189
1.0  1.0  0.555219115079

org/aoncadis/www/BE1F86D5829D6C43C11B8C6ACF51CB664741D16B6F709FCBBB13FBA4946BA977
1.0  1.0  0.356574006486

org/aoncadis/www/BE965F6BCD5DF07C67061E42DF3C136028D8D95B8F24287E9FE21BAFB7C4C9F2
1.0  1.0  0.335163823009

org/aoncadis/www/BED0BED3F1F4063316D654836BF2CABF201A957B91B75B96CB6FDFBB86838452
1.0  1.0  0.450938950802

org/aoncadis/www/BF04BC7443D1D235CE35D803A21A003D3DB12848BFEC9E92415A0586C59D2783
1.0  1.0  0.467740452383

org/aoncadis/www/BF46D8128D68D604045C5912F03E4AE790BEE26F5544DCA03C6D248EA70888CB
1.0  1.0  0.694495153626

org/aoncadis/www/BF58129EB6C01BBB0FF3E11D1810E424C2D1836696F88B9C560AC918F142531A
1.0  1.0  0.431222734704

org/aoncadis/www/BF5D4EB2D4D8DFE12DB10151D33778A20DBCF46EFC6ACBD5FBDA10AB05A4A2FB
1.0  1.0  0.345195462763

org/aoncadis/www/BF9BBDF38B6AE731F093E7B530DA87C229FBC25C1E7E78645A63BCFA8C2D3DEF
1.0  1.0  0.439205444443

org/aoncadis/www/BFD6B6C2C7BB46243E4D4A082F9321D094499987B2C70FD4C7E52835B24A1FC1
1.0  1.0  0.831784444677

org/aoncadis/www/C0175C7A9E1AC46D3EBA9F4D52AFB8C2A21FE3808B988781101DADCE916A5CD8
1.0  1.0  0.531861205121

org/aoncadis/www/C089C559B29C2B844F5C60C09E8CC5E3270E9CFFD9361D760A20266BE27D44E7
1.0  1.0  0.465678010184

org/aoncadis/www/C0B9E1176C3A31D70EAE3B179514AB9BB42210DA3C4B1671CCC88A29B42E728E
1.0  1.0  0.429704904771

org/aoncadis/www/C10D074A0927DDCB72F7F904455F15C9692918D1DBB67ED8B778F34D809E7703
1.0  1.0  0.406338390231

org/aoncadis/www/C10EF7D922B45409F0B9A3B2AF93BC7157A8314759FBE00160AFDF8C207B9093
1.0  1.0  0.91888420943

org/aoncadis/www/C15D726CD8E14E0DBD87D84E759B20B74E8AC8EE1684D852D26BC06FC76B00D3
1.0  1.0  0.416000682898

org/aoncadis/www/C1675A39692541D2400B090BCEECC6251D49C053CE79F9611FF1A5DDC7D17659
1.0  1.0  0.319002212676

org/aoncadis/www/C1CD874F0D454155557495B45D46D397EE3075C45878FD015F006852B601EAEC
1.0  1.0  0.3786365402

org/aoncadis/www/C221E738894524ED0EDEB83CBFED371273A30F286605D9810B8B7F760E9B143A
1.0  1.0  0.284093603388

org/aoncadis/www/C2BB210471DC3300A21A9ECE00FFFC041E908A4B32E5E6C40629E841A7374BA3
1.0  1.0  0.420358697546

org/aoncadis/www/C2BC6E0966A8688393FE78844338C7864D3609289B6C13C80DBD3D1D1483313B
1.0  1.0  0.992727638985

org/aoncadis/www/C2C16E4B05C6D0AFA1416784BE6B24BBEF56F95AEA683941C89413D15DEFC2A2
1.0  1.0  0.657372268413

org/aoncadis/www/C2F456C5C953EEFF2345922E44A97D7A7D783274EB822F08A5A626B3EDBF12C5
1.0  1.0  0.679820672361

org/aoncadis/www/C2FF7529D938873B44D66FEF6C27335A2343995547E035AE0DB88360B63850C5
1.0  1.0  0.573229514014

org/aoncadis/www/C331A2EC653BD3609662D1F9A4EAD40EA796C08A361D90269AE0FD5E79FDD314
1.0  1.0  0.336362001254

org/aoncadis/www/C357C318E5072AF9D06D8822843F6E52005D8CD2914317D0203006C1AE62046A
1.0  1.0  0.998452230252

org/aoncadis/www/C3D62AE5FB54D93509121CECD0F79FFC95E817FD2206D8DB736E608A42E97FE4
1.0  1.0  0.440631207918

org/aoncadis/www/C40039D82E8779980BD923877F0EB12173392A104862C0B36F362FDBA33E7DCD
1.0  1.0  0.286387463098

org/aoncadis/www/C40F5C749EF84F274FFBB5504C078075AF249FB8449B17A393DD34306A606A4F
1.0  1.0  0.476346996665

org/aoncadis/www/C4130DBCDC42B8FCB4BCBB96AD3DE64536875EE46CE78E1355001FA1C2270FF4
1.0  1.0  0.355417188199

org/aoncadis/www/C44CFD4AE9F8B01F469F89AA13766DB2B304D75E5D40667D15E44360C5EECAD0
1.0  1.0  0.896569478424

org/aoncadis/www/C4690FFB59F0DB14A1C78016584AAA5D54C0DDFC26C912F88C855D457A3FB59D
1.0  1.0  0.251722147577

org/aoncadis/www/C496D19988420FFAF2E17A2D6881EBF33F00DDE380D8C938D62E89E9F7C1AFB4
1.0  1.0  0.373862913951

org/aoncadis/www/C4A87390C4A15E82D8C5473E024B295B10E9B26C93BEEE4970AC9AB473ED863F
1.0  1.0  0.480854664504

org/aoncadis/www/C4DA2ED7EE8A835448F1C0B455792C393B1AF4FEEDBD06D00E6D3D8772ADC667
1.0  1.0  0.629688019478

org/aoncadis/www/C53F73F1D503F3C587F10F19018F3CA244E175D196FB9B5623FFF0D3965B79EB
1.0  1.0  0.362756906121

org/aoncadis/www/C54C8E3D6DB198B716FC652F0DA56CAEDC7AC5EDA788514D82D69A9003328BBC
1.0  1.0  0.217118035171

org/aoncadis/www/C5753ADE4B79C9285D6D0A59C1E03A6D41531415D08B05D95B448FEFB5DAF017
1.0  1.0  0.743507862807

org/aoncadis/www/C59B8FB96218C70C0AB47B84D85EF2EBDE06FF6EEC6FF1CB81F449A8F758EF97
1.0  1.0  0.445643019041

org/aoncadis/www/C5A1DD02CCC46E5DAF4F8A0BA5DA754A870776440048B7150BC48786B8D5291A
1.0  1.0  0.88507713238

org/aoncadis/www/C5AE6CC24D9A01509BC6CCD89294F4B3E5E6F268020FD4921FEF43A6CAF804F0
1.0  1.0  0.719181907548

org/aoncadis/www/C5BD3BA26A1C3623C95F9FBC9D0D93FE9B3FC6532F8B222A66D76E299E0BCB30
1.0  1.0  0.412693627826

org/aoncadis/www/C5C30D04ED7F4776282DF848CC08138B7EF3620A50D0437C9CA2683E59885FF6
1.0  1.0  0.256972568498

org/aoncadis/www/C628032B729FF54FDE6991F34208B24948332F80749A219B4BE0FF836A0037BB
1.0  1.0  0.486379908387

org/aoncadis/www/C64B294D76E853BF85DCF48C8C09D220727EF95FFF229ED8684B2ECE4D8F8DD1
1.0  1.0  0.18678584099

org/aoncadis/www/C67503AB7EDF640ED9DAA38A269CE5602FBB412BD0D0D7B271A4DCC892A351AF
1.0  1.0  0.492040801113

org/aoncadis/www/C68C145A049700C5AF670238ECC3792F5B3C540EF752A8B0CF60B974AFE3D2C3
1.0  1.0  0.547756916478

org/aoncadis/www/C6DD6E666D07037C56CCC9FAD258DB70D06AED89BD005A1AB33FADEFC546F82D
1.0  1.0  0.418275294229

org/aoncadis/www/C76AFD51095BACFB8A2748D898464CBB0A1FC51D35E5EC3FE9A368370BB444AD
1.0  1.0  0.50308553823

org/aoncadis/www/C79E0F5DA7EFD9C27AD1297B33C461F36C06ED07734DD385F4B9CDE8EA992CE9
1.0  1.0  0.872645222

org/aoncadis/www/C81CE4BBB32214A1C7F67A984B35A97DB8FD462FDA3E5DAB60A2357C14BABA2B
1.0  1.0  0.639223523811

org/aoncadis/www/C82CD4B7711A4AC0F7E5DC892A617F2EE1BFDB00D3136ADBD75FBD165D5097D7
1.0  1.0  0.317298714783

org/aoncadis/www/C8AC1BA73D227347957C49255D412765DC599659712196FCCD8436B26A03EBDA
1.0  1.0  0.500568563314

org/aoncadis/www/C9087329AA9C6CD6EAF659967331F44AA184A5FE6B098A3850D4084F65F908B4
1.0  1.0  0.423450571734

org/aoncadis/www/C9233AA17091F4C615B7F0A34510E5B15D66FB07505C367C168644E8E27D4E94
1.0  1.0  0.827846621407

org/aoncadis/www/C96E57DE4F1274E3F54822BAEEF34A061AD3A52AEC3890138B59BF787A46E776
1.0  1.0  0.923051871026

org/aoncadis/www/C9E325E5E581D7EF0E1CF4FE2716B696F595598D19F3B9B3A288DF92DAA649BB
1.0  1.0  0.743341390307

org/aoncadis/www/CA36C308CF5203738889822A4677653B0E98F32B52052430F206C35CFBD341D8
1.0  1.0  0.35894071256

org/aoncadis/www/CA8DC0EA46FF64969A3C6980DFE31410317AA91190B4FAF200FC94E11E32F26F
1.0  1.0  0.949265862658

org/aoncadis/www/CB101663F75A54820D238777A2EC5E4B545D38938EBEAE175AB76C9CC71E79AB
1.0  1.0  0.405793789368

org/aoncadis/www/CBCD11DDCF23D7B7E487936FEE2674E4738DFDF1109E481648F08457FE6832E9
1.0  1.0  0.274265442327

org/aoncadis/www/CBDD3D7A56E6E0F4AFBF84E0D20B7162808145BF4A87E07A7056BBA2BEC4DC6B
1.0  1.0  0.939229367301

org/aoncadis/www/CC632BC513024A4386144E8086A427FB7A1888710A42A7D6C9B7C1559D714A03
1.0  1.0  0.975582830255

org/aoncadis/www/CCFD621EF6F57A377BD23643D0E30FA5006DFB9AD84D0047BA9A188A01C0D011
1.0  1.0  0.514213221814

org/aoncadis/www/CD03057D1072844B7A8353029F0CD9376EA89438DE50C1033686A98D5A538FA6
1.0  1.0  0.475802904777

org/aoncadis/www/CD2D1FB8ECE4F147755B75F94C50FB1AB8026BFA92633CC5C6B059E41238C6C0
1.0  1.0  0.465540202172

org/aoncadis/www/CD62BCDDF8F5ACBA5B1ED8E9DAD78F790A5D0855283362A516D01AC7DDC63BF1
1.0  1.0  0.478652492299

org/aoncadis/www/CDD5B067F6E27929F602426459FD54B20F08BC9F000CAED3326E338885E66907
1.0  1.0  0.409613499175

org/aoncadis/www/CDF1163524BC305C98C774964B5955D4356C2D858E585AB79DB25D4EA05C2CE9
1.0  1.0  0.203247246319

org/aoncadis/www/CE6A0D83E46CAEDD9E90526AFFCE998865ABDD4DBDF0074397139B3599F872A5
1.0  1.0  0.538879076894

org/aoncadis/www/CE88E8C0353F46EEBB989241E10E1FC54D698C601F89687F63C0CA570A459AE2
1.0  1.0  0.92273183021

org/aoncadis/www/CEED0BFDFC6FE3F13381EDA7E7C73563375C226332F02408C1B372658BD9196B
1.0  1.0  0.197493314394

org/aoncadis/www/CF43C3E283925C6ABA392B758A362113DDA8CA339F5ACD7D90A609BCB6B96606
1.0  1.0  0.962336462291

org/aoncadis/www/CF64ADD6720D0FC1BBA2C033E4AB92766B57831D599B3B609CE191CC7B80BD36
1.0  1.0  0.529731486605

org/aoncadis/www/CF700683FBB112D1B69F5B43C8F59D27EB404C86895476A538B25CFD30D8FFFB
1.0  1.0  0.336044051533

org/aoncadis/www/CFCADB313974FCAAAEA8578E42BEEE976EDDBD1AD50B89B8C6BF7859960E8C21
1.0  1.0  0.474771174799

org/aoncadis/www/CFFAC3D41E2A639F9D3C30001485C2CB08C57743AC14DC2F357BF59BF957D3FC
1.0  1.0  0.6830553509

org/aoncadis/www/D0B2EAD5622C677600681B844162DA112F5F6616DF674F1781EEFF5E76463703
1.0  1.0  0.424948570904

org/aoncadis/www/D108B243FF7E90749A915107F7F08CE13699CCC8D37973DF6DA857BFB31D5B7E
1.0  1.0  0.224452487772

org/aoncadis/www/D1413D05AA34383637A2E639C0BBF709DF84623BB06B8A6195B927A0BDAA9FBD
1.0  1.0  0.348135506033

org/aoncadis/www/D21B70EC78D89E0BF2E4654DEC7790174A0F58AF23EA9409C4F484FD90042BC4
1.0  1.0  0.31602785

org/aoncadis/www/D25F1EF8705D4A5BF5B097D9FB4111C6C08384DE62A837E85E1E8BCE451A40A9
1.0  1.0  0.422958563927

org/aoncadis/www/D26186BA5581D8327C9C787977F9E996CC7F945B2F9FECF810C6A8FECAFDF526
1.0  1.0  0.826264295862

org/aoncadis/www/D2DBC89D2107536E59F4566E5D04AAB38E4DD86C16D23B61661937102F02936B
1.0  1.0  0.997883527275

org/aoncadis/www/D3AC58B2176DBE04E72C43EA86388BD99DED3C2613A97FD50A10B0F3B617AEBF
1.0  1.0  0.275960443486

org/aoncadis/www/D410F0E23CDE0D7BCF07DA4BB335AC89C630B2AE6CA347224317DF50B26EEB71
1.0  1.0  0.375381884585

org/aoncadis/www/D429DE8BF6B4AB874B37CE897723F25A429A23B29E4CCD02C251BCAE5FB48699
1.0  1.0  0.520964863764

org/aoncadis/www/D465B63BF666CEA6A8E5DCE6D0620C7B46ADD3BD2128601770516395DD86D2D5
1.0  1.0  0.32341451923

org/aoncadis/www/D47D4EAEA02BB7172408EAB46F30908BF7C87D68783E3C09186646E3C469D5C6
1.0  1.0  0.309233122895

org/aoncadis/www/D47ED0D4AA847D5D616C2AF94CE014907E21DD26F8B31FFB8E02202438D9CC31
1.0  1.0  0.403039104441

org/aoncadis/www/D49094C67C9C4A93E42CA8589AF2982404424ED5FD42A7F7523AE2C7E5B99E91
1.0  1.0  0.603166027867

org/aoncadis/www/D4D88F466FB9116DAF908162380DC0FC6D5B12E05555FD811D7062E890455B89
1.0  1.0  0.385112409571

org/aoncadis/www/D4DD8536F72DCE3D169C6BCE7849AA040C9F33D6BD19CAC564A69BB0621C32FD
1.0  1.0  0.440090103414

org/aoncadis/www/D59FD237D91FA04C780D51268B62EE297B096DC11C556B8C57E4360AFAC6542B
1.0  1.0  0.849313643011

org/aoncadis/www/D5A8543BBADAA3B02C1F13867E2509514142FDC3CBBABD3BF4F23C2B6FDC179B
1.0  1.0  0.357227106783

org/aoncadis/www/D5E1EBAAC3324CBF5B43E4199DDE82A1C533FA75B3013A2B2F37FA7D157A1B79
1.0  1.0  0.424948570904

org/aoncadis/www/D6265AC6F94747847A6FBB8E0F9B30AAA4C3FE4B445B5C881A3CC2B83DF5B982
1.0  1.0  0.462045106202

org/aoncadis/www/D65B50C1369D45B376A5B49D523DC202BD31E616C380CC4FFECF8FF82E3173F8
1.0  1.0  0.338020668576

org/aoncadis/www/D677D0F865163A50A5A1C50418A34EE2EAB87D821C773B2BC3F65550B16D91F1
1.0  1.0  0.659865998075

org/aoncadis/www/D67E9B55D2EBE5BF6C67EE1C29667E2DDCC87F1A2CB1AB961CED7FDA735CCE5D
1.0  1.0  0.3415157413

org/aoncadis/www/D69025482176A058CCF92A705B89592F5F8A306E31A82B54C765EF1AD397FB0E
1.0  1.0  0.486802062055

org/aoncadis/www/D6B57B4D674C14CF190020582BE17A63B0AFB063141333495E4806986222F5B2
1.0  1.0  0.466094713697

org/aoncadis/www/D6ECF031C9D0CE7CAB3A05BC2A5A50CC445A81824758F980D96581CDF2BC9C0E
1.0  1.0  0.43261256835

org/aoncadis/www/D710B546CB2F38C80ACE345123796426BBC985DCD3C5ED2BBCEE83A288EF9B36
1.0  1.0  0.325821991625

org/aoncadis/www/D72A75DE2CFD8397CDB897958A762E6ADB39C0258A30BBAE6D007DA63730B6AC
1.0  1.0  0.460473911234

org/aoncadis/www/D7422D8859CDB17AEA28F8BED4790DB88C0091982437C24431D93B035162EBFD
1.0  1.0  0.26457046996

org/aoncadis/www/D76DBB23A04D275FFA4FC633A2D1632D3D58EDE3171C3A9173A8DD2B6EB4E3F2
1.0  1.0  0.473680859539

org/aoncadis/www/D77E66ACBB8F1CD43086D02B2B0F59F4021EACAD1087C6A29C16599023603578
1.0  1.0  0.395183754019

org/aoncadis/www/D7908A08302947AE59CB2E0ED946C255E781BCBC07BEF1EB616ABD31A8947ED2
1.0  1.0  0.34378515476

org/aoncadis/www/D7AA3DB3BE0806B734C0FE6E7CD263C187F0E0D808F77FB51C4F02AD3321E735
1.0  1.0  0.40838481176

org/aoncadis/www/D7B389440B28F040E819C9590002D517F49B7CF7DFC80D4590F97BFC764F615D
1.0  1.0  0.381558603723

org/aoncadis/www/D806C210F90E0D86E211F95FD2FBB8227A80B576B09876B3C2BF94B981CA0EDD
1.0  1.0  0.905990883212

org/aoncadis/www/D836521176C25401882E28DB40B042D84B073DA51C4378D7758ABE198FFDC4C6
1.0  1.0  0.213516958872

org/aoncadis/www/D88E1C0F755729E70A26B60252710BC65ABCD7A562CA2A97537CB8AABFA05A57
1.0  1.0  0.754469764038

org/aoncadis/www/D8C725FD9220D6D341304E15250AD742264076141CA28653BF326D9988163271
1.0  1.0  0.248095125531

org/aoncadis/www/D8F3D04D6107E51AC0D9DF52BB980867F3AEF198D37E335546DC82FAF24D99FB
1.0  1.0  0.390830015414

org/aoncadis/www/D91357A2B483D827977EB77F80211ABCF4DC650B1159BB7FF4C68AA6BA42FF7C
1.0  1.0  0.350544631119

org/aoncadis/www/D919FB1DABE61794962DE3FB83DAEADAD1CF2681980C23587B5A792305288BE6
1.0  1.0  0.407630677106

org/aoncadis/www/D92D317E1052153FA05D8AECC43078B6CEF056CEAEE1F41558BAC6DD7C97F1FE
1.0  1.0  0.216052671875

org/aoncadis/www/D9583D5FA4E13A2B3E6EC9844EA61075C1C4287755DA2C6446800B947393D0E6
1.0  1.0  0.915335242953

org/aoncadis/www/D96408BA83D978C897A345CF3473419A17D27F46665A78B8509E479FB3CBB83F
1.0  1.0  0.193650571441

org/aoncadis/www/D9A1395BD484CE044CD25036B9C3D4C10889FC659C130862B3CF513513FA9879
1.0  1.0  0.445765543872

org/aoncadis/www/D9C80FCA7FBD8CA9D370EF969074E0348AE8337CAE21A7F84802F87DF308AEF3
1.0  1.0  0.690996861828

org/aoncadis/www/D9CFA62C0B555FB9CC28E85F8FA2D1944F9BEA3F1FD1D9FEDA521B76EBCEF14A
1.0  1.0  0.694664529634

org/aoncadis/www/D9F78C84F70B1AF8C16F7E609691AC39A385D1DEF5EB1B98F4EDB0A2457C21FA
1.0  1.0  0.305537848869

org/aoncadis/www/DA4C613B1C2101BF08A012BC6C18D27FF15F2B8F76920EFE644DEB3AA276CB2D
1.0  1.0  0.463079599985

org/aoncadis/www/DABBC381967CD05697524E1E979D5B5100D18DD1FB4AB5C33E00ECDEA3C8119C
1.0  1.0  0.209708595689

org/aoncadis/www/DAC90CA3A1CF056F5E4053CFDFB91764F36E15E7657F832B43CAD4CC84063AC7
1.0  1.0  0.396265822667

org/aoncadis/www/DB817D686FC45F169B5CD6265F5E826D7BCE6CAB240A20D672C55BDCE0E94DBD
1.0  1.0  0.326355407551

org/aoncadis/www/DC1B260B9BA81975899522CCFD7ED21ECCD07C0730D58E2FB048188625DBA3F0
1.0  1.0  0.332654806657

org/aoncadis/www/DC4BA33615512B40224A16A5B357F6106764622A2F3B3263C191755A4D0B8906
1.0  1.0  0.842461236749

org/aoncadis/www/DC77703FB9A3E1DBA6CCB1269B536B772CE044D56F0BB42BF2B30403A6B1DF01
1.0  1.0  0.20069008334

org/aoncadis/www/DCAC5E38CAA2F5E6CA08489CB0BEF91B9137DC7047C05F8157421B670E095941
1.0  1.0  0.451537546499

org/aoncadis/www/DCB90CB7E1207F1AE1907B0E89866734150A38093539E269C9741BCBACDC6619
1.0  1.0  0.492653169814

org/aoncadis/www/DCF700547102E401DCC9E6895BBE11476BA40CD589DAE25BD2FD74C4FB1ADD27
1.0  1.0  0.330337906055

org/aoncadis/www/DD2B4E80F95D3344D24B76AA7CE85704727058BE909406C405442B1A47BD1FCF
1.0  1.0  0.486271095944

org/aoncadis/www/DD39D9F66CBABDE3C4314EA9BDF9A2611B3087FD8FB352E553E9F2CA94F859EF
1.0  1.0  0.625270735657

org/aoncadis/www/DD6E0C61A6609F17AF2137C05FEDBC7FB46BF521F2592E83FBEE3AE86AEE24E9
1.0  1.0  0.411441281461

org/aoncadis/www/DD9FD8C0A1DC40003F264C3D388957C37BB53FB6000216CAD99BDD5DABE1A7E5
1.0  1.0  0.259597802392

org/aoncadis/www/DDC76640167698AD8E0CE4CD9C7CF974C27FA5367D49B897BCB768F9E1F18B95
1.0  1.0  0.228899557064

org/aoncadis/www/DDD44AF7D7A0E76714595409674DDE93FF491B81460B670F670FEE593070EBF4
1.0  1.0  0.247425948919

org/aoncadis/www/DE3A81CFE74B8415F72D44D2EE7FB8ED31CCF0A4BAA47D994F4F08378B456781
1.0  1.0  0.359896465067

org/aoncadis/www/DE7CC47054E1B039BDEACF65AD85940276F8C921C959BB93DF107D8986B78CCC
1.0  1.0  0.696388722766

org/aoncadis/www/DEC7FD2F36674BD7144A615DFEED9399766CA55FDB8300532343B1EFE80E6D66
1.0  1.0  0.476125502706

org/aoncadis/www/DF2CFA30812E27CC4CDE83B8651E3CD6B0CFAC201DD0107937990458F25B1F28
1.0  1.0  0.85685034577

org/aoncadis/www/DF72587C27FDB2F725E515241E7856628669319C739971AF81254EA51AE120C3
1.0  1.0  0.453607642496

org/aoncadis/www/DF997FBF61672BE39F46BE8456BA454DD67E36E17E6871DFD836FADF291CA013
1.0  1.0  0.488169997593

org/aoncadis/www/DFB71BE3D759A61838BEA1FD8342A2C89582CD0E2F8099BB15E8DBE7C7EC4C8F
1.0  1.0  0.315026987505

org/aoncadis/www/DFC84B0F5459354265CD9F9BAE8D24784207F5DEEA7445C46E7FB62AE9988741
1.0  1.0  0.28093821831

org/aoncadis/www/DFC8715611535658211EC6B5566A2DC9828F50E27BBB4B5A069599E3168B8C05
1.0  1.0  0.424597692856

org/aoncadis/www/DFDBE66B1C30965E2018AD1B7166355AB6D8D0DFA3B43D0A9099D3B774FB6784
1.0  1.0  0.691460536289

org/aoncadis/www/E081F7745A4BBE844E60BD56A80D55704AB65D0337B52709A0067CE5921EA786
1.0  1.0  0.47984732681

org/aoncadis/www/E0D388E9D64E485AC56EBE66F69EEC637A11848E59ED06BC0396305C27F22B4B
1.0  1.0  0.462381379506

org/aoncadis/www/E0DEE20A1805D368A1C244148361D1FADEB2702A25C420A523C96CC58BE3C53A
1.0  1.0  0.712262723075

org/aoncadis/www/E13FC3175FEB5A50148AEEF8817352FA9E478FB5883564DB21DB37C9EF3A7FB0
1.0  1.0  0.465202852906

org/aoncadis/www/E1691C45CD59E02C0F4624972E87440ED32723AF432879AF43209B0411C2772B
1.0  1.0  0.191842054621

org/aoncadis/www/E1E3FE15ACC3FC7117751EAE8980EE5D9B86B081BBD2E56B3CB280C275E0C2E8
1.0  1.0  0.395972153195

org/aoncadis/www/E1EBC7C23E57208D27AC40BABDE3B412BC1DFF7BA63F685BAA85EB30115AF6D1
1.0  1.0  0.905990883212

org/aoncadis/www/E1FA093553D72AA7885EA094F3ACE5200C6480E934AB95C943EE1F49C726FE50
1.0  1.0  0.495294281471

org/aoncadis/www/E220C59B87DFFED407B82A2E9D5BA2BF2C8647DED6E5AF6234F4FC5277905F1B
1.0  1.0  0.271685561167

org/aoncadis/www/E254E95AE02B3CAE16B5B38EAAA7A1114FACEB42AAAA5C3A09C3A1F1BF159C3D
1.0  1.0  0.387738899207

org/aoncadis/www/E2687C9E1DDCCD674DD1B1A052485BF622D504AE890CA1682889226EF39D6DF5
1.0  1.0  0.498896189082

org/aoncadis/www/E2CE2AB25BD756BBBD948CEA1AD0886B054FD82B31C433472F009F83B1DCD102
1.0  1.0  0.444219751599

org/aoncadis/www/E40A565F860D85A2A25A9F319E76B18BBC00379E313BE3607ED33994D71E0BCE
1.0  1.0  0.853231481411

org/aoncadis/www/E434AC6B963B0C986FFF494A0788ECB26186631DFD888E1FB818D9367E141B8C
1.0  1.0  0.852828190237

org/aoncadis/www/E43BAA6FBB7C37C033FEA5681FF19A85026FF37466CDA225546EF86420394DE0
1.0  1.0  0.297636505994

org/aoncadis/www/E51916B55BF4FA100AA8E6CFBD308FBFB0F419AEF54C921FEA1231FD0AC6D5B5
1.0  1.0  0.490063702764

org/aoncadis/www/E54863A505237F5FD7B25053E512F78DB303E4ECC1B42493293CCE20A26F4CFC
1.0  1.0  0.431870402872

org/aoncadis/www/E58D918B77B8F5DE7D1141EBAB47C854E15B6716F480157AB6DB5BF303CD01F9
1.0  1.0  0.42076418614

org/aoncadis/www/E5920875A52B630DCA32AA96F59B4183A0CBE4CF09AE2104867A915A1C8A3727
1.0  1.0  0.394214763278

org/aoncadis/www/E632B48C946C585830B35778085A395C1E2179E3175A819630FA5B76F9D41CF0
1.0  1.0  0.505945854418

org/aoncadis/www/E66E2A5421C4287D5F45C3791F9AB53933547CD2C395EA31C3A7043505BB4797
1.0  1.0  0.393132636133

org/aoncadis/www/E6D9D61544500033EF715F1348B4F686E037F5A7FA7E443A8C448E525086486F
1.0  1.0  0.493819149402

org/aoncadis/www/E73B4141F3640D7529B9EB33432D656F76EB6A5D2538410FC8F8F0D1946B167E
1.0  1.0  0.425873623104

org/aoncadis/www/E77601C97B073B7F8FEF7ACD8FE1356B01A46A02DBD53B1C1C5F336BA2C1A9E8
1.0  1.0  0.664805319908

org/aoncadis/www/E809B95DE2DB318544FD6E4B6A6549FA88BF5011AD8903C80991C2DE168F85CC
1.0  1.0  0.677566971409

org/aoncadis/www/E86B6FEAD654F5A6A768EB3F4895A2AF2967368B1E8E2A1ED9E7071B9EC96C20
1.0  1.0  0.323247351155

org/aoncadis/www/E89EFCCEC0AF07A416E86D93B80F7476CB2FEFC34ACCD3E45D07FBAFCCCC134A
1.0  1.0  0.44071340114

org/aoncadis/www/E8A916E995159D6085C78B1A8B66B36B96B7FB4974A042B236B75FBD4D82E838
1.0  1.0  0.251016162963

org/aoncadis/www/E8FDA7CD705C1B211F00993F934CB70DF649E9D322690E732E9C4730BBF601B0
1.0  1.0  0.337793039279

org/aoncadis/www/E92009F72FD31A9E060743160F841EF138FB835E2203D8A8CDC497030DA40570
1.0  1.0  0.270332296949

org/aoncadis/www/E92C092D28832117D4542A6558D422224997551FDF228C90E33B7C3608BD2C9B
1.0  1.0  0.391720668327

org/aoncadis/www/E96C9F3BF32D322AEEBBD4F273ED1DF4C6DBFE1EE42BCA88642D8F0BF3DC4108
1.0  1.0  0.34331080612

org/aoncadis/www/E97A4529AA6DB36A5FF4E182E1B0BAD24FB0148F103452AFFA33A509F4A23E76
1.0  1.0  0.4236586284

org/aoncadis/www/E9CBB54A6D634982B02EE84ABCF03456D04FD78EEBB4F86596FBFB126801A80C
1.0  1.0  0.553356743066

org/aoncadis/www/E9EE34A6D49E2E68392B95E40204F6CDBCBFE0EB101A5B91BE5F013257200FE6
1.0  1.0  0.334917168792

org/aoncadis/www/EA0B229CE1D5F32FA149E2EFF597D5451868EA373245CAA968C2C33CCCB5C992
1.0  1.0  0.237335372616

org/aoncadis/www/EA81F585D1B8DFF0033EBA0EF5BE79B99E5B417D55F42016FE907C1249BB642C
1.0  1.0  0.392627544765

org/aoncadis/www/EAB62EFB440C4CB1EC5A06A9202CCAD3F1EE9C2023C7E9BFC21D4327D730B282
1.0  1.0  0.226051837058

org/aoncadis/www/EABC9E4EE05CB0C2FDD0C6248125E8E668C1B46BDAF9D87055E3F11C3A112ACF
1.0  1.0  0.894874849531

org/aoncadis/www/EB28B5E9C87CA1F321F42F3F9D335449E769880A1DEBE7D206F358A528143FC3
1.0  1.0  0.614032090181

org/aoncadis/www/EB485D0470BE69E082367475E7428BBD6D24EFF6DEFF821609BE3901FFA5A410
1.0  1.0  0.350410846123

org/aoncadis/www/EBD3773A04891230D5BAF18D0C4F53EC37A59DDB3DEACCF7C1BD1F68EA8806ED
1.0  1.0  0.414317072878

org/aoncadis/www/EC2D1A2805B485437DA2C883403F5FAFCF52677073B7110D2DE33D727EC54E97
1.0  1.0  0.614032090181

org/aoncadis/www/EC31B47124DBE021E61E66C9BCBECE8A92C89287E0A5DD929CAC4026DD44096A
1.0  1.0  0.355655730353

org/aoncadis/www/ED0390B34682AC56AB782F72BA4432E9BA7AD060635C1006652AADEF84DC75A7
1.0  1.0  0.260321734701

org/aoncadis/www/ED2C3D88612020385C89593276D5BCBFFC5B64D7C4803E7D1646AE59A56C20F8
1.0  1.0  0.179376905656

org/aoncadis/www/ED7643E4A7F6B80AA92AFB94E316FF9925F0212CB1532316A56945BF91912405
1.0  1.0  0.275528726114

org/aoncadis/www/EDB82AB561964BFE4AABF1C5154D1237B7809BCA85D9569A5722F7A52F7A20BF
1.0  1.0  0.277999208633

org/aoncadis/www/EDC0F812A3DF0489F669D1791BEC8FC732E5CAB64530B9ADB2B787D0571411EC
1.0  1.0  0.40120589034

org/aoncadis/www/EDDCDF0C3F61D190909280F6477FA93C8B0113D08FFA3D16A9D170832F66DBFD
1.0  1.0  0.363824769545

org/aoncadis/www/EDF366401EF6913F1F10F33341D2ED110CBB0ECF773349D1FF479E45F8A9FD74
1.0  1.0  0.216218847912

org/aoncadis/www/EE8FB8FEE1732F1E95A595C2E12B1155CF2A268AAEA40A75AC7BFF7236021DDE
1.0  1.0  0.231884304318

org/aoncadis/www/EEB3AEFA0D6A06DA886635181D0143E4EAECA051BB9CFBC0840C1A8698AE6C85
1.0  1.0  0.190992749632

org/aoncadis/www/EEBBA58DF9741E1B725E776558803329DB9490F4DC996FF98CF8B6F2B8F99C2A
1.0  1.0  0.66614377491

org/aoncadis/www/EF288F6103C391513715436DEC511DA2EB86B0F58A883E821BAD11F8C15B6B43
1.0  1.0  0.331343158831

org/aoncadis/www/EF5080EABC40CB1F9B23B084253E14687A1A8DEC5789BF7BE6FD0E5DD9285B87
1.0  1.0  0.453092822546

org/aoncadis/www/EF727ED2643545E1D1E40D508A5EFBDC7E2DE1515B821E193CBD856E1BE38FDE
1.0  1.0  0.388111132666

org/aoncadis/www/EFEA93362FA1223587CD4E1174E1D07D4CB8696B0BED415C68EE8BDFDA47E0DB
1.0  1.0  0.64098720107

org/aoncadis/www/F0419537118E9115BD47641499E6A3B243725776ED9088F892E79A11160F99B9
1.0  1.0  0.922535297527

org/aoncadis/www/F079ECACE71E5FA69B5604807E268728773927DDADC4890F1E39F13748B12782
1.0  1.0  0.232844302023

org/aoncadis/www/F09781F487F0E07CE0ECE419DC25A361220FE8427B9DC7AF20BB68F56D3D334E
1.0  1.0  0.99519088595

org/aoncadis/www/F1DAD6781D0F141AF14D413B3C0650D59B52205E2278050DB4513D960BCA5211
1.0  1.0  0.350034239485

org/aoncadis/www/F1F304C7189836C2C5EEAD24F0A6C3495BDC092F8641B9D6B93E2585C5A98A19
1.0  1.0  0.293667926496

org/aoncadis/www/F275AC6CADD0883EA618BE125BDA9FD10066EBDE9227EC04112B82C9AC7AB5E5
1.0  1.0  0.448363406525

org/aoncadis/www/F2773FBCC3D48E8714220FF36FC4F7AF0624F0C8CE1E06F8BBB8C352915CDEFC
1.0  1.0  0.487086048332

org/aoncadis/www/F33BC4A3C943A0EE083020CD52F59692BD083A2E2DA8C95DAAD138BEABAF5D4A
1.0  1.0  0.923422376229

org/aoncadis/www/F3953A790B25E0EC0E0F05B750F65CEC5DF696C8BFD5C51B2109EEF9DB89DD84
1.0  1.0  0.412756067824

org/aoncadis/www/F3AB82279272864FD89F55B78BB21538EB7C4429451B1AB3A8DC1FCA8E8D9BD8
1.0  1.0  0.190926962183

org/aoncadis/www/F3BF38427511E54C64F3E6BD4333C55A37DBABA241EA49BEEBE05C0B7ECD22D3
1.0  1.0  0.514023251169

org/aoncadis/www/F3E1186F0CDDE453FC40B7E536C003D198C9742C89EBF6C5E7116648C3E8850E
1.0  1.0  0.353210325642

org/aoncadis/www/F42D834F050F42F033EE8E3C73F7A0714A857E070B76FC2D78A848E37CF58886
1.0  1.0  0.213170722371

org/aoncadis/www/F4E60CB3ED98FD4B0FE209387EB497005980F83AF9600021776EE782910543E7
1.0  1.0  0.243810714203

org/aoncadis/www/F508544CA69E7606C97265C4E7C153B1B082D70DD191F65B3E020EFBC91D06AE
1.0  1.0  0.32039828561

org/aoncadis/www/F544F23681C80D19D9E27655AC353673B830DBA6CF61DC79FBBC3E5772095D9E
1.0  1.0  0.238372540315

org/aoncadis/www/F590B0E4C3F1068D03DCD44A27FA8A9B0E19916D18652579E04A2AD138EDF66C
1.0  1.0  0.227393360519

org/aoncadis/www/F5D9DCE6B85C4808E66B336254A78BB8901D23DFBB850C954A66041F2ED044BE
1.0  1.0  0.19035210103

org/aoncadis/www/F6804D606BE9C4996A0751FA01D3D212F24C3B991E743BEBBBC495A39543D051
1.0  1.0  0.979059516512

org/aoncadis/www/F6E122E5DB244CE2B060A37CDF9E23D4A952F56EAF2E616618BBE7358D3B8191
1.0  1.0  0.613009444292

org/aoncadis/www/F7183CCE2CA75CA25D3676FFA17FFF6397B7CA3344947224EBE695D4836A204F
1.0  1.0  0.440986016125

org/aoncadis/www/F7AF1F559B236FEC5AE2D80EBC6E52CD153E1FCA87AE2A14CC27846F1A906216
1.0  1.0  0.496629842492

org/aoncadis/www/F7EDBC86A69824CC389997E969257BBD5ABE2F1C6A33A45A3D4D8CD9E37B168A
1.0  1.0  0.350440717227

org/aoncadis/www/F7FA5E6DAA698F087B5B0A058BE60721478C074594F45FAF6237EE64C328EADB
1.0  1.0  0.532640967002

org/aoncadis/www/F8FBCC2CE57B240B27D039E4A2BCE2D2A622FC73AD766CCD262CF9FD70475DD4
1.0  1.0  0.469896084623

org/aoncadis/www/F906264030A53AD51BDD29D304B96C93A09314A405A504CA427390CE564069F5
1.0  1.0  0.422456391115

org/aoncadis/www/F9480FE270C7300191C5313BA07CE44F9598CE4732511028F95CAEE16626D33D
1.0  1.0  0.89661542735

org/aoncadis/www/F96F11352C4CFC36E863EA0F6F3EE0A24C830A8B4A032199EA30CCFCF5D498F2
1.0  1.0  0.650704932358

org/aoncadis/www/F9CC0ABFCE8033225E07DFEFFB815D1E7B9663F492749F2A92136A8DBDEE2E09
1.0  1.0  0.708371647526

org/aoncadis/www/FA1AC6E0CEFF1942474E12CBB3C367686C68BD52EC6057BE148E784E366147CA
1.0  1.0  0.379885191155

org/aoncadis/www/FA2E5585FB130FDA50B7F7C5253D53F1340BC98E13620BAC4C73DA142725FA90
1.0  1.0  0.676490261816

org/aoncadis/www/FACBA91B55BD6CA84FEA3FE215FC0DB5CB4B1E0EFE5AAA59F44A6829E3769F47
1.0  1.0  0.330928326507

org/aoncadis/www/FADC635190A6490B61B72B19D939A39CF4D42F421C3B002315374C4355847B32
1.0  1.0  0.746995008109

org/aoncadis/www/FAE07D6868372F0ED69C5CBE1BD1F12BB20DA73E6B20BBFFA6ACA928C888064F
1.0  1.0  0.777142086148

org/aoncadis/www/FB5BEF99B5E8F357770DB0FD4344214035D6D88B1CE521EA5D529700EFB1588A
1.0  1.0  0.666485906301

org/aoncadis/www/FB61FA25C4741A8F31513B94B2929863E582368EA5A0721E2EFEC4606600A6B0
1.0  1.0  0.197227431394

org/aoncadis/www/FB679D0375228DA9B7ABFC7BFE12FC0CA4095B57DA969096F6DF9436FDDD7865
1.0  1.0  0.727725695421

org/aoncadis/www/FB8597E61B6F779E73B47BBF86624FF6435E76F672C655519B6FE8F052799997
1.0  1.0  0.45452425741

org/aoncadis/www/FBAAA393CAE8904CF73B038BBB96C4037F6FB8DDA8BCCD807FE7DFA70B293325
1.0  1.0  0.370038281693

org/aoncadis/www/FC88CB0529A7976E51A8D7F3A663CF33938E715906855A7B9492DA060CA31384
1.0  1.0  0.320913356857

org/aoncadis/www/FC9A7D5F06582A11060C9D8D3B4B84605CE323EA707352BFC2414A2D946DC3FE
1.0  1.0  0.415681715906

org/aoncadis/www/FCA29A4F91FD68F0AA02F67A6B1B0D7CEB0751C7E9CBEF2FEDC58798DA882BDB
1.0  1.0  0.308026999043

org/aoncadis/www/FCA4E6B87022729FF0CF06C4E4E2786F8441ABD4543B26748A7008F90C2290ED
1.0  1.0  0.392659969445

org/aoncadis/www/FCF897B1F6C9B088D47CCF51DAD42ABF62029644F105F43585A0F583725BF276
1.0  1.0  0.413246830298

org/aoncadis/www/FD17F8722874095F06802F2591C425932759103A5547F7CB921B80814BECAF5B
1.0  1.0  0.48658131459

org/aoncadis/www/FD1DDB413965FD053FA930BFE3E1CE183EF8202E1AAF90B6DB0A5E18C519B07A
1.0  1.0  0.375775861343

org/aoncadis/www/FD4A4E2F0CCD734440706B85416EB050703C59A4B7F7ADFA3A15E1546D6D0FB5
1.0  1.0  0.294312861236

org/aoncadis/www/FE09D2A3833C70976FFBEBFE704B19CFEFA8B59B2210AEA11D0368C5FD3BB9BA
1.0  1.0  0.383050690215

org/aoncadis/www/FE1D683EE4FBB5457250AFC8E57BABF1B936A4630E407F89A8F30FCE4A2A2DAD
1.0  1.0  0.975789035059

org/aoncadis/www/FE296EBB85115C182EB3667D1D52D46DC18A36F500E08A59673385A063D5A4ED
1.0  1.0  0.273157579357

org/aoncadis/www/FE5A6ED15513413DB7C2159BF76AA715A88B899B82710A94E65E09B825FE9ECF
1.0  1.0  0.666337010678

org/aoncadis/www/FE75205B9C4632B2CFA68B1D6E94DFBAE5BC17F054359DA133BFE3330B733A3B
1.0  1.0  0.689084953391

org/aoncadis/www/FF198AF8A845012FDCF4A3E898CE2E3DBA4D9CE4C3F07A8FBC2F8644DE02FFA0
1.0  1.0  0.874473435458

org/aoncadis/www/FF59D8464930CCEBBCCABD172A843AA3C56607DA45A403646C13011CA6C1684C
1.0  1.0  0.274401437464

org/aoncadis/www/FF5FD83BF2FA4B579C88AA20276C2B500F757B1292234D4DEFD52CB9B78953B2
1.0  1.0  0.406338390231

org/aoncadis/www/FF7E746C5770E03B2A570DC6F27D769F4CF150A7DDF8323289A1A9EB1DBFC334
1.0  1.0  0.687648219434

org/aoncadis/www/FF8580ED8E7C7E8566DD2023644286212314C442C5FF86DF270249D23E1E9B4B
1.0  1.0  0.421119006044

org/aoncadis/www/FFA29F7AFA81A78C52130FBE74E73A6E8B179F643B08F83D22DD21EC761339F6
1.0  1.0  0.933307066153

org/aoncadis/www/FFD7A2B8FCFF03095156F1A4DE1324FD8ACDB066A447F3DAEAC433B7AF638B34
1.0  1.0  0.908656012325

org/armap/3FAF32232A06CD021020377D96CDE3277C163D52D465E6790532B6317100DE58
1.0  0.994772734661  0.405703243591

org/baidims/www/9930480917DD24AF7096B98C993BD2829E528AC76F3B499C243493752C853A03
1.0  0.994772734661  -0.1550490778

org/bluegriffon/012F0BCD45FCDC16AAD27B8393E54453B33B05847DFC035A00CAAA8C56130CC6
1.0  0.994772734661  0.26439392859

org/bluegriffon/033C123659E45486F825DCC58B6B73469456D20D8865F973FFA41488278B1D04
1.0  0.992247826399  0.693316487112

org/bluegriffon/06F6BEEAB9590261D76002A61C55F2AF790717EB3488DEF06AD0BFBB53FAE17A
1.0  0.992247826399  0.513233835409

org/bluegriffon/21ADDBB120DD2891888B6C6C082D788A6C018CC16877C014C5A18E53A3FDEA24
1.0  0.995835558851  0.235626073195

org/bluegriffon/56A66B1A04DE3A8444DE54972CAB0DFDEAE82508E36092C96D337A7922456ABE
1.0  0.992247826399  0.482377605212

org/bluegriffon/6201206B6D187119862F3A4865D3DF2C506555689108AE65009A86CC0B5A19BC
1.0  0.992247826399  0.518396052194

org/bluegriffon/7ABFD9665052D1D85159B9C73676D7C2D504C31F3D8865FEFD0BA166191358FE
1.0  0.994772734661  0.253910092302

org/bluegriffon/A9D0683ACDE3E0038776686A0487674CFF272A148DF288AF8B10563A2F5168B6
1.0  0.994772734661  0.796878451895

org/bluegriffon/C17E924D5C18BC8AD58257F584D6DEAF9B5A5B90468E2772776585DBBE427351
1.0  0.992247826399  0.354693115481

org/bluegriffon/D05723AF784D33BE783E95345BD325FB1E18BB7686ECE3210A6DC330C1A4A629
1.0  0.992247826399  0.66247046275

org/bluegriffon/E17C53E3661F2DEB8FBA3077E12C9EB2C86BF4A8AECB7176485FAEB9E443371C
1.0  0.992247826399  0.752719608956

org/creativecommons/mirrors/F2F7A87D2254F1398CB0F11467E442EA872D10FA4B6F8A863F7F6A7E6B219925
1.0  0.992247826399  0.662493641728

org/csie/ntu/B4244F3A1C4C7C7A6D62378CAAB26AEDC80C429919B1903769E1FA01C7BF8E80
1.0  0.995835558851  0.0598064663169

org/dataconservancy/maven/08BAF72A18CB4906A1E912A0BABF3738D04C8F36B13CF1B3CC8F83909785293E
1.0  0.992247826399  0.221053577159

org/dataconservancy/maven/0DF9FBDF60F77BBA4AB457F0BB2B50274968A9DF7524BDB0DA00539B8C8E5DB2
1.0  0.996641161712  0.666056030283

org/dataconservancy/maven/15F9445BE35D19AAA52A18823CC3A0A1418DDB3B6BA63143E032982F71B9D7B5
1.0  0.992247826399  0.65854585175

org/dataconservancy/maven/3FE7A52C0335A5E49C737DCB79A6877272A5DD13D59B81473FDF0FFDCA58BCE5
1.0  0.992247826399  0.888756195152

org/dataconservancy/maven/98D72457899405182B42C0CE64D429E4362AADFE35727BFF45843024A38DEC96
1.0  0.992247826399  0.60833187733

org/dataconservancy/maven/F06E1568FAFDA139A135174518E6FEE1BEBDDA9AC4841B43A4ED23A87DE251F5
1.0  0.992247826399  0.274332749455

org/datadryad/B0301631A56FEC94450EA68A12474B130945C9E125DEE1142AA3627C29CD95AB
1.0  0.994772734661  0.058626279889

org/datadryad/F3BE3AC767019FD50582D8346B4998D0C6961E12A394EC936B69D6DAD006C4B5
1.0  0.992247826399  0.703622448457

org/ddialliance/www/90A23E49A7D8E50594951E85E10735E785ADDBB0BC4CE6B2296BF91008E6E2E7
1.0  0.992247826399  0.704681128639

org/dublincore/103B5C9FCAFDAD1EE89776E0F5162AB2FC9116F40B80D576E6D318AFC2003742
1.0  0.992247826399  0.441888885882

org/dublincore/C7ED6C13A82FE353D9056C35D8B0BB1DC6BA5ED4536D79ED9B0195387C9B99D9
1.0  0.994772734661  0.0423876530179

org/dublincore/EDD380EA2658F0406A8A22A091C2B29F3688618DF19A05BAD4DBB38DD53F7E8B
1.0  0.994772734661  0.0802859485399

org/eloka-arctic/19E1E962D3E62679AEB6F50CE7BD37F1EA0AD51E207ACEB45F2FEAC8F8594048
1.0  0.996641161712  0.346696756326

org/eloka-arctic/87798E51BC1528C32B248F0148362A5321C302BE972400061551B4B3DF5399F0
1.0  0.996641161712  0.346696756326

org/esipfed/testbed/A4E9F3FAD0AE91F3DC64F14F7F5F41131E4D58303BA9E430652B7F304A4681D3
1.0  1.0  0.26369313202

org/google/www/6AEF885FB792AB58CCA14F9466B4F1F15A59B1E0EE35E984EF8BD1FC320B5382
1.0  0.992247826399  0.256843706205

org/gzip/www/63C0B8A6F47D91EB60CB44D0E9EB1870E13590366556A745747829CAD362210B
1.0  0.994772734661  0.504608992291

org/gzip/www/74AA16A1B760236E5AE085D191B8D799BF3D5A6E205266848880D109F4E19493
1.0  0.995835558851  0.513140555273

org/gzip/www/759E2C4BA0D3B6026C6BDAD1261CD56F62FCF3D960232AD5489326C1F2B0DFB1
1.0  0.995835558851  0.269161269565

org/gzip/www/956A8B57A4EAEB2AE56C185E9AB23D76297D59835684E68FF6E20AF77596A54F
1.0  0.995835558851  0.110172621718

org/gzip/www/A4217CEE025AA72E3F8DABFC947C24DE17E64BE3BBB7921A8FC1AF3B22E9CE36
1.0  0.995835558851  0.339736904318

org/ipcc-data/www/0067ABA5E081DBFA071D9ACB76D982E665F0BF12BA842C507EDBD3C3BDFA44BC
1.0  0.992247826399  0.148963727702

org/ipcc-data/www/1A445DD48CE531348A677816E1592489DF86EAED6AC3C389132FD221AA52F45E
1.0  0.992247826399  0.150143060506

org/ipcc-data/www/27AB7AAB121F3F5EBCFCFEA5BA6657F786DF2C37EB9A91C669E4185E85E1F0F7
1.0  0.992247826399  0.151329051672

org/ipcc-data/www/29192D0A02ACF971BEDDC509604DFA6601B5C6C44EC698AFC5700DC24331770A
1.0  0.992247826399  0.151329051672

org/ipcc-data/www/4933C3ECA8CC8831FFB4266B5902548E3D789730A5922B49920D133B485293BA
1.0  0.992247826399  0.148963727702

org/ipcc-data/www/C9442057ECCAD3604CC70C3862517B456D046F65A8CBDEFA161B15FAE226EE3B
1.0  0.992247826399  0.153721154312

org/kohsuke/www/1C86E81D8722D0D7400808325EF4B9FE5E5740D4CBD6AAD674EED3FD84854A0B
1.0  0.995835558851  -0.115146856009

org/kohsuke/www/C4F7D9567BC0057310EAAAD6D439F2FFEE9EE8A36AD6660EC84EC782768B16E6
1.0  0.992247826399  0.441029544073

org/nsidc/0BAC70EE39B0FFCC81AD33FE783B772D648629043F1191D2992DE2512A483426
1.0  0.994772734661  0.284527483626

org/nsidc/2136357D2905F866905354DCE7401ADA69B2E8D07D788F1CCB1CA8C434A7CCAB
1.0  0.994772734661  0.199037882408

org/nsidc/6E8661BD9AF2772F530B5E79DEDBEC744A804DF0C4FA3A8950ED28A1C93A0FFE
1.0  0.992247826399  0.185908418143

org/nsidc/7B72366FE01B9F555A865205642A3809B817C2BA9AE179B27F27CE20F29373D5
1.0  0.992247826399  0.482490750902

org/nsidc/BBC6459A9DEA1485E078A45870DEBD92E7D8E759A3F336F7DF65A803F17C4145
1.0  0.992247826399  0.185908418143

org/nsidc/D4C4B34FB71070BAB0709DA8EC938195E0337E4AB2214C34B78E3CF764C23D20
1.0  0.992247826399  0.482490750902

org/nsidc/E1894C6E10B303E697C1BEA1A654DD7F41F69EC422B7AA8D01DBEC8509317427
1.0  0.994772734661  0.284527483626

org/nsidc/F394CE86562C919CA83294D9B2527F2539284B64EA9EB40403A63D48B6CA772E
1.0  0.994772734661  0.199037882408

org/oasis-open/docs/4B8B3D7FB6E58996089DD3191E805B3F406698678F723532B607502CC967F94C
1.0  0.994772734661  0.237847812418

org/oasis-open/docs/A9243D2DD5C0FBAEC0D273B8E53A46AD1327E6526E600E2F868591B8E31DC89F
1.0  0.994772734661  0.237847812418

org/opendap/6A42A67EE252BD3FF9D43671E087635CEDB518D1A67356CC988121CF6117AFF7
1.0  0.992247826399  0.346649737117

org/opendap/B86A7BD3432D9D84B61773F81F678C319E0F37D3B9B3C330F887448C2433C036
1.0  0.996641161712  0.530000379687

org/opendap/www/63C997037E33673F97376446083433C6D24373908BDD5925CB7AE6660A6FBA0F
1.0  0.992247826399  0.599670225974

org/opengoldbergvariations/www/479BEBCBA872CB691F41AEC4B66E787D0A208C1AB6D9DCC7FD594C7FCFD234EA
1.0  0.996641161712  0.428682811816

org/polarview/www/8BFFF774200A73A421AAD6FC7B1D394FFE7CA6F2B6D2F27A726CBA923CF3F047
1.0  0.996641161712  0.460133294631

org/redmine/www/F49A2D58744478EBC827024B6BB327F8DB76B0909569C679510C15AD826631DE
1.0  0.992247826399  0.207541117459

org/redmine/www/FE48144D342E3A5CF6A2ADB68AABEA4560C0C8AFA2889390DB433D66DD8CD298
1.0  0.992247826399  0.54070420708

org/stateofthesalmon/www/01B7AAC136132817E5614A9987B441906A289717E498C80BC22F77987521E20C
1.0  0.994772734661  0.590434174024

org/stateofthesalmon/www/1C05124E79F597AE0620BDAE805066C87C525187D30547F8862E2BCADE8C3B44
1.0  0.994772734661  0.6023127336

org/stateofthesalmon/www/318E651EAB03430C62933AAAEBA2507A1A9334782E7EA2356EFED19311F7FE23
1.0  0.994772734661  0.614111282176

org/stateofthesalmon/www/3AC85286DE3E5AEBCAD9C7812B35823C734F615A9AEC1517A5ACA93F35537EA7
1.0  0.994772734661  0.78233158164

org/stateofthesalmon/www/60FEA31D03C54DD00964A1289848034F6E21517CDC5222DE387C33AC99B0568F
1.0  0.994772734661  0.508913988451

org/stateofthesalmon/www/7A9B42743254F18403365930F7BB3DB0FDD1953F0300E61E2686D7840EDD3C99
1.0  0.994772734661  0.444483109102

org/stateofthesalmon/www/9E7C321A4187A2F2B067222229C058A9E803BDF057C404CB59CCD35D8DD58B30
1.0  0.994772734661  0.471493116836

org/stateofthesalmon/www/A46A1694E93C1FAB9A12CEDA67790C642E7ED11ADE64FD1097720C7BD76D0580
1.0  0.994772734661  0.614111282176

org/stateofthesalmon/www/BC570F0A22ACB5528B8A2A0CECF150149B55DB60F13DE0F43168AAF86FF7B174
1.0  0.994772734661  0.614111282176

org/stateofthesalmon/www/BC8D996C6F1DC03F1152D9BA5DE5827DC7AD93FC5B82023F5ED752B66A086737
1.0  0.994772734661  0.608317274088

org/stateofthesalmon/www/CFAC19FA15FC9B49FF7EA305E179225F43AB9B9193230178F88DA6FDDAB4ABD7
1.0  0.994772734661  0.614111282176

org/stateofthesalmon/www/EC3DB44D2567A0C516117CB363B2D8127EF8044945EAEA837FF6C017DA6AC19D
1.0  0.994772734661  0.433892009845

org/tartarus/2A79607A2886E83FBEA673D140189AF87A284CFFFA5F21E3B55FD9609C1645AB
1.0  0.994772734661  0.283601215396

org/tartarus/AD4FF32A8348EFA2AABF8D58F4F1087FB77B1BA1A0D0031B2E04CCF5AE907515
1.0  0.994772734661  0.457481692676

org/usap-data/www/61F08FC79C00D5573524798AE28FD2848A9F1986E10BD187692332BF0FFFEB45
1.0  0.992247826399  0.432886920625

org/w3/www/05A099381C0ED5DBDAAC0C13EB20AEDDAD5F93FCCCCEDC8A910316C3B9A65DEC
1.0  0.992247826399  0.607228302896

org/w3/www/18477D68F89B1479765824B007EC9F94641D07C306F1C90CA940D346121F7614
1.0  0.994772734661  0.145215859806

org/w3/www/1CC93F7A75FBCC738BB6C984BD5E037B41AFB32D4C4464A950635025A22C2C3C
1.0  0.994772734661  0.240692023103

org/w3/www/364E5E1F237FD95988F97FC73265C008105C63A3B7C1C2C97643455C9A219674
1.0  0.992247826399  0.459515625167

org/w3/www/410886B8DEB260F1012B7924874D52E4DE6B83926F94FBF96F04DA867905CD0C
1.0  0.994772734661  0.496322027199

org/w3/www/4D6D4FA192F9A5AD0E48080D80B334F20B485DDFC2697B3E9E0F4C6864B45E9C
1.0  0.994772734661  0.072368858045

org/w3/www/5F4FF8E0FDA9DF8C5E4692072DCB97D10EFEC980B1665DE5934A1214E40EB493
1.0  0.992247826399  0.243681654366

org/w3/www/604FE1C622AAF69C786223CE3569E49FDD7943DAA4268E2EEA92F4BC17C9DDFC
1.0  0.992247826399  0.403384109122

org/w3/www/60F08FD019546066963157BF43661CC1586050C1E919F9B52831CD2B85617D8B
1.0  0.994772734661  0.496322027199

org/w3/www/66B7A7618C3EF8BB4224407BB3F1E0229D66F3F46A6F7C28919DE18F169A737A
1.0  0.992247826399  0.770735452082

org/w3/www/BF78E1C1287A4DB7131E65C9BFE520FB5DF686750AE39C6DBA4B71FD37FFA799
1.0  0.994772734661  0.253062687027

org/w3/www/C7B4F9C7EF9136109BF98EC3AE9B00AEBCA776D1B3C04A3B5F0890B8374160E9
1.0  0.994772734661  0.496322027199

org/w3/www/C9996BDF8A59FE970C2E1B3C79FEB9F9E6FD96AA8DA9B95E5C2997603BAF8274
1.0  0.992247826399  0.534903474518

org/w3/www/D6C3CD933E3F727D3E7260625A7EE6D2611072BE2D4FC779CBD138B6EF2D3497
1.0  0.994772734661  0.350522055646

org/w3/www/DD0B96679AD4736E465E187AA60AE7633E72C74B4AD8AF23BCBC817E51F05853
1.0  0.994772734661  0.496322027199

org/w3/www/E13E197238D1F4BEFD42AE610C61CA8ECBCFF1E3928EA80A464DDD9871C76AF5
1.0  0.992247826399  0.65468402678

org/w3/www/E8E10C3E80EB2901D8119368085AAFF1E59EFDD431B7C9ACE61D014125CE1123
1.0  0.994772734661  0.465899629562

org/w3/www/EB638710B8CF2FE9795E08FE627F230D9A0D37875F198C2C057BEF8677480C98
1.0  0.996641161712  0.436235785137

org/w3/www/F8E5E81D949FB9ADBF61A315EAFEC14B8CD92B5C27166763FA0B4FA6064C72E8
1.0  0.994772734661  0.267012952254

org/w3/www/FB6D9A1F2E3384A803B7351B2BA5A1D277D0C829813A0C214FAC564B8495FC62
1.0  0.994772734661  0.112707795816

org/wordpress/downloads/63CF3DE6E4DDF039907D0C7E566CC255B8C0DBDF5E6A285CB803C42980FDC1FE
1.0  0.992247826399  0.214176572776

org/wordpress/downloads/7E27B319625A77485BA0208D4D03B4E77460B224C42109A7DFAC9327C7A1D6D1
1.0  0.992247826399  0.367716183327

org/wordpress/downloads/B186021010218127E4F118FB2213731001796E8EB5300402179F465A9C5FECA0
1.0  0.992247826399  0.302258704504

org/wordpress/downloads/B2122687C466621C9EA1C40D14895182989531C7B824F3057EBBFA03F0D5AA5E
1.0  0.992247826399  0.325246175964

org/wordpress/downloads/BDD9A3F30132590DFDE27AB3BF4383B2CB64F40401BF7C0B090EFC5BDDCBD17E
1.0  0.992247826399  0.415184516895

org/wordpress/downloads/F6114A363241E0B3AB3910A252F3E675CA0BC76556B2A668433E15D1D3D3B699
1.0  0.992247826399  0.237929619259

org/wordpress/downloads/F6AF8202A2131B31BFBF410AB0FD852EEA1DAF52220296A63D331A62E525FF5D
1.0  0.992247826399  0.543157287765

ru/nw/aari/www/D090A6AA6CBB784AE4BADBEB2A7FADEB1791113646605B2692A9525B4BAA16FF
1.0  0.994772734661  0.0189898061908

uk/ac/antarctica/www/D65BD211B5B28A904741F153D4A607CAABAE615EEA718C39418F94A0C12286AB
1.0  0.994772734661  0.527177435859

uk/ac/man/cs/utopia/5A0786B43E13164A91DADA51EF6C25224D6E2057919F6ED8ED66FC135AFCECE2
1.0  0.996641161712  0.751636560709

uk/ac/nerc/badc/1437509D9C830D4418F0B6F0B1D059CAC2C61851545C59C05ABA15403FAFA887
1.0  0.994772734661  0.220306534258

uk/ac/nerc/badc/85ECA965062C2F757CDA68A0DAFB1C062478FE7994970028EEA5BB2DF945CE78
1.0  0.994772734661  0.255680670029

uk/ac/uea/cru/www/3A91310FE1101C39DA8B34DDB11D4474B4F9A584A14C7497A16D011D1255F371
1.0  0.992247826399  0.5161361475

uk/co/russ-hore/www/53ED10C52E80728AB970799390759FF7E34C97DA5661A27642981B58489FA7A0
1.0  0.994772734661  -0.00654151948619

uk/org/greenend/chiark/www/18807BF66F9B3DE86F15DB1975A14BFFF8927847E0AB6B9517D7D4247620CF3E
1.0  0.995835558851  0.327306603609

uk/org/isaes2011/www/136DB764D8109219E9B00505F8DD55F2973E52149738C98D9E933FB2ACE2EB5F
1.0  0.994772734661  -0.0130952169342

uk/org/isaes2011/www/68C16B0B6014AF04BD2A51091321A1D593CB7959D89B8B1E0D5512D3E408CC2E
1.0  0.994772734661  0.570148671723

uk/org/isaes2011/www/8FBF4E655FE3F311D3E1F447E99B99E605FF6A89124F927C0ECA17873312EA71
1.0  0.994772734661  0.322587125708

us/fed/fs/activefiremaps/8BDED46E0D30E27AD6180AAA184FD59A1FB4A36C7D0F3A125EF1D21D8BAC949C
1.0  0.994772734661  0.462754828947

