org/arcus/soa/A5873EAEB7D769499FB63AA9EA9895B3C844BC336F112E8D19890B25CFAA2D32
0.0828320199194  0.367428852183  0.38693024384

org/cni/www/9BC2D6A8A2918858EFA7EAE0842B34B603329E6C03E84DC042C239080636790B
0.0458751657083  0.337158668651  0.296782496812

org/cni/www/C2EE0D4B1E22760935EB0A0F17DBCC2D2E0C06F4A8E702051B0FFDEB47247498
0  0  0

org/gnu/alpha/0AFE7C4B63586A9ADB24C9DF45C493DBA42F1560175C2D952C82D6772808C333
-0.497226134617  -0.3365279555  -0.351250662844

org/gnu/alpha/18A3F14F4E171A34A316CB07EF2AE32F3371A3582AC43832833EC39FE82E29FA
-0.497226134617  -0.368694878011  -0.360201577288

org/gnu/alpha/1A1179196F59B237059C19ABB20DF301E37799DE9C8C4A62250BDC20D753CEF8
-0.497226134617  -0.31572419164  -0.323375936654

org/gnu/alpha/1B13B4D70A253D8499FAA2556A41835E325085C38357AC946992DC22AD45D7EF
-0.497226134617  -0.381569030743  -0.374797699782

org/gnu/alpha/35B39D0136352C76E7CCD46F52D5171E8A000EA5A188A11885CC3DD0A34851CF
-0.497226134617  -0.3365279555  -0.350780220218

org/gnu/alpha/40BF8C09CFDC41A7329F0E335E8F790B180A66BB68BEF134434082EE13C47444
-0.497226134617  -0.388117757887  -0.379817649042

org/gnu/alpha/421F6C7514FF513076226B258ECFC6D40A53739E91FC8432DD7F5096511DDB76
-0.497226134617  -0.382871455866  -0.368028018963

org/gnu/alpha/42323A271BBACB6927DB6BF2A1090E4C2CE250CD060D629603E2F09E750E4C17
-0.497226134617  -0.370986514289  -0.376371934988

org/gnu/alpha/7179DDFF213BEB85911C8EE33B79B70CDB00540C4C51D3F8B5FF19E80BBD0878
-0.497226134617  -0.388117757887  -0.380732450944

org/gnu/alpha/71923C9A2AF348315E386A9C17225668B052153ADBBF3692994321B95AEAC32D
-0.497226134617  -0.368694878011  -0.359418155788

org/gnu/alpha/797CFC8468708BD752C57D4A36D156C4BFE269415F208AFF1D7CDED6B10B6DD1
-0.497226134617  -0.379209363029  -0.363848293413

org/gnu/alpha/7CD8ECB8A904F41E156F7FF5DFE1CF48386E6EC28D043F0BD589CFE1A2A63B3C
-0.497226134617  -0.418686230227  -0.370386501537

org/gnu/alpha/921BBCD90478C835DF7C1B772C8EAE82C49449740D4C83C34F6266F190139705
-0.497226134617  -0.379209363029  -0.365083317996

org/gnu/alpha/AD05579AC698C69AF2992AEB77410C06A3022A6A35F20DFA08C2F5D819FF3904
-0.497226134617  -0.388749205004  -0.348966047255

org/gnu/alpha/C56E6701C6B6397BED3C40EE074D4D87C4179E20ACE12E3AA11A553490F23F58
-0.497226134617  -0.399227449279  -0.373377507108

org/gnu/alpha/D61111552062D38215A145EF976BCF009585949A9F6313F117D98B19399B35A0
-0.497226134617  -0.399227449279  -0.374388271021

org/gnu/alpha/E7EAF621F5607C7E9C2D9485E39CC92DE52E5C34F17B618663C9A748DE531763
-0.497226134617  -0.381569030743  -0.375804746855

org/gnu/ftp/06C514E1232951D4B0E809ABE2ECEF8B2C4E8227D669F48A8A805BC09C5775C8
-0.544685235093  -0.242008270615  -0.183579164625

org/gnu/ftp/0C9DA5A7E8F7CD6AA65EB4889550828C4E80CC21C73775B9E77A33C66DE54677
-0.497226134617  -0.321560942501  -0.274055900217

org/gnu/ftp/10D2CA582E3927AE11B92588BCDBBB1D56055855152F17DC5D17232B37F3658C
-0.497226134617  -0.315314916721  -0.265662737184

org/gnu/ftp/18CA8A69890BD03B539ADA3E7C4D0F59B0EE691A37A1488A5DC8832CF5D3C2BD
-0.544685235093  -0.242008270615  -0.191550163849

org/gnu/ftp/1BFD826DB435DF48373E5E2231FC8F032A6C147493C147AA27C85712E0ECB9E4
-0.544685235093  -0.242008270615  -0.178190633498

org/gnu/ftp/1D8BCFA36AA2C48D11F9DB681893910BA3FEEAB5137747BCBB53F9E3ADCD0FC9
-0.497226134617  -0.374492844857  -0.383165654645

org/gnu/ftp/28FA78E7CDFCFC782F295ECE816A6C6069B0F45E99C37A47293E129066BF6FEA
-0.544685235093  -0.242008270615  -0.168110121781

org/gnu/ftp/3F83D8D86DB96AC9A94767C125538D16416CBA59EA6BC0C8C040F9EBCE7664F6
-0.497226134617  -0.301027628619  -0.329589024923

org/gnu/ftp/401AD70D0B536E9904270EB7EA13134A314E51EC6C5B85DB46CBF9C1AEB4A32A
-0.544685235093  -0.242008270615  -0.17937427828

org/gnu/ftp/4C526D8966F9C09D233B17B985C4B58ED1FC37D3AF01CEC25559DFC248A92E08
-0.497226134617  -0.380807222666  -0.281013949529

org/gnu/ftp/56D8401B14531C32BA112D059465725E0E9FE544AE5E2AAF40A951CBB99105D9
-0.497226134617  -0.379597866189  -0.270832736721

org/gnu/ftp/5740B631535170FF3906C6508F48EEFEFE03E4C8656AC629B1EC950C8A176F97
-0.497226134617  -0.369046444493  -0.347257713859

org/gnu/ftp/5778611362E97D0F9B8A55AD876C082DE30826E3EF3AA34AA822FDED21279167
-0.497226134617  -0.318939401554  -0.277961797933

org/gnu/ftp/5989461DADB283C4724991A9CFCCE330BDAD26FE58F24DBBB186E19C36B90FA1
-0.544685235093  -0.242008270615  -0.165479456353

org/gnu/ftp/5D2573B2BA34FFB3F538D4AA61DD7A858DE8A12867FEF62A2F450EA860A42D91
-0.497226134617  -0.411617015785  -0.31058672234

org/gnu/ftp/60732608D2572C82EF546B1316A8ECF496D18DE1E1BBED174B025BDECC1DAC3B
-0.544685235093  -0.242008270615  -0.186539150694

org/gnu/ftp/714E5D09A6917B1F496CD49CE430E36A669E76A90582BBA9BABFE1CE8F1586B7
-0.404061189437  -0.150992417487  -0.16333425048

org/gnu/ftp/7C82E7AE3CCA7A764CA6DADF50C89C433F36E1C38544E72513A890C2FA191CF7
-0.544685235093  -0.242008270615  -0.188203596478

org/gnu/ftp/8EC9D679C2743BF4F975161D25A0AB6CC172A8250486869588F0189E7C947AC3
-0.497226134617  -0.41156903363  -0.285049699754

org/gnu/ftp/8EE3EF3A1C8438383C3E32A557AC79F998C0E7A33FB3EA18C972E6DF5B3FC5E2
-0.497226134617  -0.420588562017  -0.295861822104

org/gnu/ftp/8FC0FF8F6077909585BDAF4CF4032A4729FF336EE17B57C9CFC0D051DDA2FE56
-0.404061189437  -0.150992417487  -0.170356777231

org/gnu/ftp/9F69F370F35C5887D545242B78D9AB8FF43090D2094EEB436AB254F384A7E118
-0.497226134617  -0.374492844857  -0.385280137601

org/gnu/ftp/A34A0FCDDFAC8BAE12D5083475197CA8521A85CB4EEBC906684728E188957DFD
-0.544685235093  -0.242008270615  -0.183579164625

org/gnu/ftp/A3F86EEBC73AEAA8A9B046C8A2D96140257B277B7CF23971460F933623096FB7
-0.497226134617  -0.379597866189  -0.274141248689

org/gnu/ftp/B0C698CCFE9A8D26640BC8371152D294C7BC7A7B056C6E40D078CF5290CB607A
-0.404061189437  -0.150992417487  -0.163839098109

org/gnu/ftp/B7367FE099ACBAB7C3D184D2F51BD9C71855391114CE15F9F474C8B9724E0AFC
-0.497226134617  -0.393463555766  -0.280515579644

org/gnu/ftp/BB71486598D8201161C332B042E65B0B12A25F063F7E18D8C8E663BF5CBF2A8F
-0.544685235093  -0.242008270615  -0.194332016309

org/gnu/ftp/C1719C3095E9762A01EECE5FC9B6CEB6D1C0975AB26DD85CB3D299144DC88A68
-0.333333333333  -0.344508373357  -0.329447121575

org/gnu/ftp/C4F3DD543B6548DA6089F8DFE95A1F41CC4D2B9B7A8A2C344A37C311B4AF87D1
-0.497226134617  -0.315314916721  -0.264441822117

org/gnu/ftp/CAC41D50B7C208B885542FA24151C86D85A4D7D861AA11FCD17793A5776BA4B4
-0.544685235093  -0.242008270615  -0.191550163849

org/gnu/ftp/CED1909C5AAF1D7A2DE1F558CBF73D394D236D60FF17902A1A9E88F78211EB96
-0.497226134617  -0.33737976399  -0.351762108333

org/gnu/ftp/D11DCF652501BD95295F9DEE875F9B581C964901187F5705F8C4C8AF07E22934
-0.544685235093  -0.242008270615  -0.168110121781

org/gnu/ftp/D355E2E18EB789877CD84E4629DD757E084A2677A39BF42F3D0ED210D9C345CC
-0.404061189437  -0.150992417487  -0.146748243202

org/gnu/ftp/D60CBA2AD8480807199576C6938E4D139D4D5FAB60454152D3D0E1F3012539D5
-0.544685235093  -0.242008270615  -0.185702394543

org/gnu/ftp/DEB5064A62EFE55D02532160B4E2207D279C8E6FD9C2BC6064DDD48ED864A8C1
-0.497226134617  -0.33737976399  -0.352115741142

org/gnu/ftp/DFCBBCBFF6220EEFA7FD9EAC4CD5FA0DCD07E95129F6EC24AD789024ABE44667
-0.544685235093  -0.242008270615  -0.187373173031

org/gnu/ftp/E87B3E0E670EE2EC1A490ECFD4F8096A0A2306FEE6E91A53188898A42A0444D9
-0.497226134617  -0.421037112304  -0.28858544302

org/gnu/ftp/E8C92CB6E7F7887C0C5311B85FF811CF099D9297A2C1F97E50CD626B2DFBA791
-0.497226134617  -0.321560942501  -0.281971060821

org/gnu/ftp/F0FE45ABD4BD00D150B75A790BADEBD131048D0B4BA76A95C957C2258156E476
-0.404061189437  -0.150992417487  -0.146319317494

org/gnu/ftp/F588C3774EED1AF845DAC9668FA86D5F84131BEF5E2562F2A37BA8888A4188DA
-0.497226134617  -0.395062791755  -0.30674491462

org/gnu/ftp/F59A27A3F1208BF8B84D51F26C829218D3D50FF08FC63316EF0359BC9D8FC761
-0.404061189437  -0.150992417487  -0.170771242236

org/gnu/ftp/FBE519E1F3EC7AD65CC86E9C31E37E1D09953C2C06FABFFCD0D7037056FC84F0
-0.544685235093  -0.242008270615  -0.17937427828

org/gnu/ftp/FF99EB655893658635B5E9B36DAA012CB65E2081EAB5CF834467727C68554B42
-0.497226134617  -0.350508295318  -0.289740673893

org/hdfeos/1677F3E41A435112E8C88457CC8046137C36673482E1A171BFAEAED4953A2BD4
-0.999293696151  -0.274257471947  -0.12259904257

org/hdfeos/27829DC2B13708A5AE0DFADD2B34F1F9F5C590C9C307FA7D169E958A0F861433
0.557329407421  0.35083207868  0.231251957445

org/hdfeos/415EA47137B9EB87F438D1BA6442C1CDD8C21186A69E7C71FDE6D507F72051E7
0.532682469814  0.42994786379  0.468015979537

org/hdfeos/493407B71880BE321441FF7816B61F2EED09EDF7F722A57EDDE820205CBF8E3F
-0.999293696151  -0.274257471947  -0.117312992998

org/hdfeos/C6F13483249FE191B4C5180E7820E06F4ED31B5EA28FC182012A82B5A2FEA2AC
0.532682469814  0.42994786379  0.468015979537

org/hdfeos/www/F018F8824CD0A46B38661BF636B95A7F0281EEAA42D771F002FAEC09DB6807F7
0.532682469814  0.42994786379  0.468015979537

org/innerviews/www/70F0BC885EC73B24312A0CAB49B638758B88E2EA6F1777E07CC42838DBD2A34D
0.0951216909226  -0.0873518851771  0.168791563719

org/opendap/0544CFA5DA5D80B9CBE5459616C179EE265F49359E08648AEAF2467215DA7710
-0.544685235093  -0.242008270615  -0.191039584076

org/opendap/1863C577FBC99EF66B4B40BE2C8BEDB3B2F9671F07494866C04374704CF7F944
-0.544685235093  -0.242008270615  -0.191039584076

org/opendap/3DECD21DC25E1223F12F4CB6665E69B9DF5560431E498410B655AEC32D3F8BCD
-0.544685235093  -0.242008270615  -0.191039584076

org/opendap/4E144A3197BE10963CF0680079C0BA1AACA23F28CD8787147ED3F6EEA7E19A89
-0.544685235093  -0.242008270615  -0.193806548616

org/opendap/528305B402B233A6D547A0192B5FFE3A4C9915883BC52568495D118C1EDFCDA6
-0.544685235093  -0.242008270615  -0.191145541844

org/opendap/6B97B2B974756C7BB9C912F8DEEA2537D17143ECE98823F1F30E4924DA81D349
-0.544685235093  -0.242008270615  -0.191039584076

org/opendap/92DA141785C038A2DD5FF2090102407A7203855A0E2E26941BFA915413057DC8
-0.544685235093  -0.242008270615  -0.197839656803

org/opendap/930DC8A882ED0CD48BA03096C9242915AA0640718DACE76E0B0C56DD6ECF1404
-0.544685235093  -0.242008270615  -0.191039584076

org/opendap/9CFA05FA8261864096ABE8C13BF1EDA39366BA35BAAE24CB70D8DCE837E22A92
-0.544685235093  -0.242008270615  -0.194293510572

org/opendap/AA33413889B7853F8C563C34EB3C647909ED297A60EE652754D3A0EE11A7E0F0
-0.544685235093  -0.242008270615  -0.193806548616

org/opendap/B970BF546825F887B91072C4848C9D020E13528F1791D9538A4884B93454B345
-0.544685235093  -0.242008270615  -0.191039584076

org/opendap/C59694B6AED30069A6A6F2365689D88DB304EA2B4B1E13B0F89A6AD4E10F6FFF
-0.544685235093  -0.242008270615  -0.175901946262

org/opendap/CE01814585C0A8F0A5EA0BEBF6052BB7EF269968FA7F3AD17E20E4224CCC69D3
-0.544685235093  -0.242008270615  -0.191039584076

org/opendap/CE4CD1863C82CA95FAD0B855F8C0A389C72587620EF348A42801AF315634E128
-0.544685235093  -0.242008270615  -0.191145541844

org/opendap/D028FBE041DEF813D99096B636F9FA9AC7B09DD8EC949E3FF773379399A70788
-0.544685235093  -0.242008270615  -0.187714656009

org/opendap/D3CC9E0DE28F45FB0612A62F86D49F9B765175746E5BAEA50EB3BD8A67F7B138
-0.544685235093  -0.242008270615  -0.191039584076

org/opendap/DBFF5D1A589EBC1D2DCB7A9827622EAFD9F3D1DFD039D05F9A2EFAADCD90E410
-0.497226134617  -0.395579518302  -0.337868398357

org/opendap/www/01F4ED0F15F5E7D244B8A54F25DC35EDE352C91720C511010716A922438C06ED
-0.544685235093  -0.242008270615  -0.19736209956

org/opendap/www/0CA19B1AFFC382078C48C122C988B4FC552A6DA0ED21B4B696F81601942A29CD
-0.544685235093  -0.242008270615  -0.199684290759

org/opendap/www/119427B86089C5A26EC614A4806D7BA7382CAEFEE962AA82220B0F74BE78EA7A
-0.544685235093  -0.242008270615  -0.196255279627

org/opendap/www/161867B57765B38B57A17ED95067B41ACCA61794FDC18C20B3462C6FE8E06CCD
-0.544685235093  -0.242008270615  -0.187641494538

org/opendap/www/350F8FB3CD5F660B0F4C359208F366C849F2136CCB63AD7DABD6514494610FC6
-0.544685235093  -0.242008270615  -0.211363197693

org/opendap/www/3C7AF65BB34867FDA171FC6BE393271B57853A8CD4B037469DB2D909CCF45398
-0.544685235093  -0.242008270615  -0.194340840559

org/opendap/www/3C81EF0E95C59D334CC04F6BF946D163874500A5EC8F27845A4411A6C208AD15
-0.544685235093  -0.242008270615  -0.19020726773

org/opendap/www/3F76ED5B929661657705E15629BD56F06C95BE27F51F4319EE5CABB48F79F099
-0.544685235093  -0.242008270615  -0.191039584076

org/opendap/www/42E0D780C7B4D92EA356BDC619049495302845ADBC0368254A4DFE90A713B1A8
-0.544685235093  -0.242008270615  -0.175901946262

org/opendap/www/43CCAEEF3B9693651CEEBF0D51FC87766DE01D3F52B08107409D0F80A014EA91
-0.544685235093  -0.242008270615  -0.191039584076

org/opendap/www/443EE2D9752A50D0E5947297A7E86E1CF7F34F1A0B8ACD3EA29664995D3C2774
-0.544685235093  -0.242008270615  -0.211313662627

org/opendap/www/55A3CE4DCF2517F87B6099BF55925A47A2F3CBAF8E3D1D0526203A134E94E0CF
-0.544685235093  -0.242008270615  -0.193806548616

org/opendap/www/5D2F5A6D73E7D63E623E0B966C7C93D4186379909408B9FC0250983BA9A2DB06
-0.544685235093  -0.242008270615  -0.196255279627

org/opendap/www/5E8C8E024C1C52B59936BD03C8FBF7FBEC0284E88A9AD58B279EFFF0A9987A57
-0.544685235093  -0.242008270615  -0.188548126546

org/opendap/www/6098D2FA4A3DF1A1DA1FFBAAEEEAE9CF8DF46AE42CF95D745BD7A1A9B4686F8E
-0.544685235093  -0.242008270615  -0.187714656009

org/opendap/www/621392E0F74A11EA52EC6108143480E8164E0B9F78FE3CD9E4D362D4746945A2
-0.544685235093  -0.242008270615  -0.197839656803

org/opendap/www/6FBC75682B7DEAE8643D612ED03FF237D448E438B7AFD97AE3026ECEC53756D1
-0.544685235093  -0.242008270615  -0.188548126546

org/opendap/www/71A6DD3BDB179818FE63AF7106FB3ED753A8612C85F7FC1BD7C8221B5979A567
-0.544685235093  -0.242008270615  -0.191039584076

org/opendap/www/761C1418A369C90F3C31F9C0D577EB07897DE1E59B97B95C442B5BB6F566A38F
-0.544685235093  -0.242008270615  -0.152565511344

org/opendap/www/774EA42ED89A334081BF247D10FCB72B0BF2CDD44A9B9C81D3405EEAAC9CB6D7
-0.544685235093  -0.242008270615  -0.187640829134

org/opendap/www/7851AB915923055FAEC1CC997233391FE7D6D8DBF0005E49A64B84F7214EB147
-0.544685235093  -0.242008270615  -0.211313662627

org/opendap/www/7EDC8C43F1CA5A0CCEAA9CC2AEEF1F1F3422C7209CF07E564C35FE3D851DF735
-0.544685235093  -0.242008270615  -0.188548126546

org/opendap/www/A524DCF4E550559288E02CE842477ECB5BBBC7BFA6AC3F19A1DE806D37C771EC
-0.544685235093  -0.242008270615  -0.211313662627

org/opendap/www/A841EFD1AF323A70DD098A7F4B994EF15BF9CF04A32BC8DB52412BE96E647E9D
-0.544685235093  -0.242008270615  -0.152565511344

org/opendap/www/AD48D4356EF55B7A4BA89E48937C2FF7F46760F31CC56F23BAD9437D595E6FD3
-0.544685235093  -0.242008270615  -0.211448761742

org/opendap/www/B1438C0002715B27EB680FFDCCFF146AEDFBB174F8969C1AE5D253064F8145C0
-0.544685235093  -0.242008270615  -0.194293510572

org/opendap/www/BCB248BC9B0E727CB9B2224D8A45FF31A140870D2EF0CC4429F6ACD4B2484E42
-0.544685235093  -0.242008270615  -0.211313662627

org/opendap/www/C23093F19799DE85FA972A11A344A8DF2310243D43D295A9A606E697BA7FB5CF
-0.544685235093  -0.242008270615  -0.191039584076

org/opendap/www/C4853962E4E1185612D39B0E5CF5BD766D259D84E28305BD1B91AA656228B47A
-0.544685235093  -0.242008270615  -0.211313662627

org/opendap/www/C74A1F1943869C0ED3128C543A562594B35B5562DBE3DE7AB62A535B6C9A9A96
-0.544685235093  -0.242008270615  -0.193806548616

org/opendap/www/C7C55038F5AA80C25A43162FB49E24A9F8FB8F9B736D1D9828D08B10F4EFDA46
-0.544685235093  -0.242008270615  -0.211313662627

org/opendap/www/CD54B9658F62FFC8A27B0F08DFF3450AC22DB200203D0E2177FB0D290EBFC544
-0.544685235093  -0.242008270615  -0.196324400538

org/opendap/www/DEC60818F798E28454237CA7E1B3D31FD4F81CB89DE4D05B18037BFC545FB9A9
-0.544685235093  -0.242008270615  -0.191039584076

org/opendap/www/EE1FF2F9D12E0C70A8F8B592416E1A215983BD4A64787A7C782C5E8401D2666E
-0.544685235093  -0.242008270615  -0.191145541844

org/opendap/www/F8F8F6E1F139672357445657643FE3C52A11E0ED6B17C01C787D4EFA8857F99A
-0.544685235093  -0.242008270615  -0.191145541844

org/opendap/www/FC59DB7A654A494EDBAB1A7DBF6DAC6990A5C8A8EEF52BACF57E7758CF3FB6E3
-0.544685235093  -0.242008270615  -0.194293510572

org/osgeo/download/005EA263D4F1D2464D060C4F2B8190649C39F6A6377DA0FA81ABC620641A15E4
0.903439618289  0.729347689342  0.359776138377

org/tartarus/04A4B165287855F91193D27A4608D4D61616C5E4F2F973C4293CA8CEB612FC3D
-0.564033140062  -0.332414043237  -0.302050075722

org/tartarus/161788EDAC3D50591453BE979CF58227B34EFEF7804D75FAD0D9AC57DD184750
-0.564033140062  -0.332414043237  -0.302050075722

org/tartarus/36C45E5852AE595D163A9B10BC89CE8EE5D8E7875B7A4D0CA7E86245D24B56F0
-0.497226134617  -0.323334865332  -0.291512570481

org/tartarus/3CC94F270C1271AC53BA0329C39FB2B01A7C7482E38CA08D44645524105F6B3A
-0.497226134617  -0.323334865332  -0.291512570481

org/tartarus/3EE533B44B0AB6B6893C22640D4E6CECF771892FE86EEE3DDCCAF0E3FD27422F
-0.497226134617  -0.323334865332  -0.291512570481

org/tartarus/48687AFF538BD276F7B29B9AC8059A19076AD2D06947B3710FB56BD402D5CD18
-0.497226134617  -0.323334865332  -0.291512570481

org/tartarus/7399784B62E90E27F9B2CDBC41CA0D451BE60576FE9FACC6711F5EC1D380D910
-0.564033140062  -0.332414043237  -0.302050075722

org/tartarus/A18569183B12506912F841223556CCA8D5C09EBC077B8CF65DCD724ABC3CAF3E
-0.497226134617  -0.323334865332  -0.291512570481

org/tartarus/A9A69468EDA460B7614EFA5DAAD6D4860B2CB7641A2E86CB1B2A8BD3EE569A08
-0.575466287243  -0.290555779658  -0.246371088096

org/tartarus/BFF83427D2ADB43934C9E9393DCED1D1AE72A51CD57310BB50E5876941A45634
-0.497226134617  -0.323334865332  -0.291512570481

org/tartarus/C998846F180EC49F0714B300D006A6BE84C4182D900A27C7EB621F431DDE5CCA
-0.564033140062  -0.332414043237  -0.302050075722

org/tartarus/CEBE7943820C52BC590FF45555A9F39B8EB2D1708FBF4CA6BA5EB86FD79390FC
-0.564033140062  -0.332414043237  -0.302050075722

org/tartarus/ECDEBD2ED9C7D11095867D23DAC9347C79EEE78DEEA551E64656B5E525D981F9
-0.497226134617  -0.323334865332  -0.291512570481

org/tartarus/ECE8488085CF7D5F0965473E52B812BEB123567973BCEDA4A84C468A4D2ADE91
-0.497226134617  -0.323334865332  -0.291512570481

org/tartarus/FA03F55FFD6900CC7E8977DFFE1069D04852BD42AD27340CACD9B7CE0C8D465D
-0.564033140062  -0.332414043237  -0.302050075722

org/tartarus/FC466D69314B39931429B244C796748ADAA16EE7A6EBD051C476B4B8AE56108F
-0.564033140062  -0.332414043237  -0.302050075722

org/tartarus/FDBA434148E71C647F242D059DFC78E77D6A67217AD17EF5A0B350A021A1F46A
-0.564033140062  -0.332414043237  -0.302050075722

org/translationproject/375F4FBC99F628498425C95ED00F59916B2F1DE84AFFB5A91D5FDA0E6544E3BF
0.527272727273  0.353926013864  0.162788385787

org/translationproject/612A31B36CE817253582D7A237E054AE6258548CAE620EDC0AD1011A91517948
0.527272727273  0.353926013864  0.162788385787

org/translationproject/8B6070DFC625A9FAB736BA5710F5F4408F23290EFF381815B46AC453AA5A8278
0.527272727273  0.353926013864  0.162788385787

org/translationproject/A4138B5F803E0E4B25A70B5FA1D2C73B1E557DC3C6FD547140252FF3E0934AF9
0.562906805958  0.282432994586  0.203033848217

org/translationproject/BD0CAE3F6DC334998AB3B424380C9756A9957892F36338BA6161E7E900D34751
0.562906805958  0.282432994586  0.203033848217

org/translationproject/C0419E6BC6518647A59573AEB6BE07684BC50C08279E5E1E437844C4A321A9C8
0.562906805958  0.282432994586  0.203033848217

org/translationproject/FC7CCC7E7DCA55833B393D54CDA1A6AAAB2290ECD5986BF2B1719B601463D12F
0.562906805958  0.282432994586  0.203033848217

org/w3/www/273EA7C3C3E22540167271B06B9A86EC8F07AF55728E9A8FF33C2FCAB4353CFF
0  0  -0.170208803117

org/w3/www/6BD3133EA98DD739514B1EE27D9977B395AAD1674C5A0E2719D832BCF3F1864B
-0.166945140824  0.176606439363  0.250371847134

se/haxx/curl/20731EDE3F3A708F988399DA9752E7BB5C0B9B506304ADC2C02398900252A6B6
-0.333333333333  -0.345960721831  -0.327845083282

uk/ac/nerc/badc/0A645EDA9EB9C44F4EA30C2DE9C783137301E24F275F4586F228CCD3357A31D3
-0.999314498279  -0.294687013705  -0.127945381252

uk/ac/nerc/badc/13176BAF084BAB0D66915B648EE26F2C2B1F33DFC04F68FD46C82A8834E537BA
0  -0.222717701594  -0.0982899551416

uk/ac/nerc/badc/3BBBF2098F91E1E5250DC9813366FB4646A00A5C9B48B2A8350A187B3120B4D0
-0.400891705885  -0.436767076113  -0.197678679817

uk/ac/nerc/badc/3C14FD16BBBF86CCC70A577E9CD6B2BF85C4324F93CF708B0B5EA43D893B157B
0  -0.222717701594  -0.0982899551416

uk/ac/nerc/badc/3EB974CEB5CAC38AEF7D7E5CB0BE7D985DDB014B5FD44B5981A8AF880C373EDF
0.0190866111438  -0.128094503591  0.010150845791

uk/ac/nerc/badc/66F6C0CE08CFC18332D3A82E214B2DA3CFC348163F249F68DCAEB6E2244D1F08
0.0190866111438  -0.128094503591  0.010150845791

uk/ac/nerc/badc/7C230C368D761AB5A94F14F70B0A3FD285E6D191D0F5C830387589C70A14C59C
-0.999314498279  -0.285777694208  -0.125721335062

uk/ac/nerc/badc/8922660F3CE19DAA31BC5344B0A80F6FB24BE5BBB429EBF87D4CE73AE051A7D3
-0.999314498279  -0.283514036342  -0.123495785911

uk/ac/nerc/badc/D0DB5F7C3E6B74B6FA886BDE07B610AA77A383F311BCDCDEF39C8099C79AAA06
-0.400891705885  -0.430841486121  -0.199653413943

