gov/noaa/oceanservice/97CDA73BC3C5B3F04C9DDD83DFAEAE4DE7723486D85D169BD2DF868611FCDCDC
0.99998963707  0.999948015562  0.973966144404

gov/noaa/oceanservice/990486E8E5FADCC3E191CBEC1B646F449125AD2A4555F86A9A3BE75C71AE3C5E
0.99998963707  0.999948015562  0.935933877812

gov/noaa/oceanservice/9D8193A982AA032BD2582B9BED3C42BD7BEBDE9131BB1D3AD7F2EC7E061E4D81
0.99998963707  0.999948015562  0.973966144404

gov/noaa/oceanservice/9DC7072138DAFC73B93B731BA3DFFF11B47856A073E7C5736F66A908FC44EC91
0.99998963707  0.999948015562  0.973966144404

gov/noaa/oceanservice/9E97C815FBAEACC5F0F3C537FDE7C43CD55F15C960845337D2DD9FFEAB347777
0.99998963707  0.999948015562  0.973966144404

gov/noaa/oceanservice/A31BDBB0825F94E9D852D9BE21945614D3786465B162986037A60FECE2CD2EA4
0.99998963707  0.999948015562  0.972925482916

gov/noaa/oceanservice/A80013142F5BAC70BA4ECD28B5CD4B43BBB54A0D9C8C40E6655D5EA17C425871
0.99998963707  0.999948015562  0.972925482916

gov/noaa/oceanservice/A8946806160634E6F6AAD0608F812D31D989C2D3CF5984BCC57A008B7834F0A2
0.99998963707  0.999948015562  0.972925482916

gov/noaa/oceanservice/ADB50308AE292F769916914DF50928A440221B404BFFAAE4069214C98947F5C0
0.99998963707  0.999948015562  0.926882695323

gov/noaa/oceanservice/AE02FC12D960BDDFDD9FAE2340BEDB72D28E9B8525A859D0750D86DC3355F397
0.99998963707  0.999948015562  0.972925482916

gov/noaa/oceanservice/B11048F6F812F6C19E4CF913A3CFBA2DD0F194A04B1611DDBA4025564DB59C1F
0.99998963707  0.999948015562  0.972925482916

gov/noaa/oceanservice/B5CC0DA3FE1027A30323028B53C858C555AA14A84113485D826B43DE1791D965
0.99998963707  0.999948015562  0.935933877812

gov/noaa/oceanservice/B7BE6EC1CDEC18977711321822EBE7B186FFC8E8A6B05A75C854FA05EC1DA81F
0.99998963707  0.999948015562  0.932083558365

gov/noaa/oceanservice/B9F48FE5AD4EDC98C210D3E7FF9D2FEA46BB4BA7C6A14C20A5F06A824AB41E0D
0.99998963707  0.999948015562  0.932083558365

gov/noaa/oceanservice/BCDEE8D3E9D2BC8291ADEF707A51B3148768AC11B0A85E253B58C928F9E8D539
0.99998963707  0.999948015562  0.972925482916

gov/noaa/oceanservice/BD6270A086E92155CFA1C3AE99ED17F8CE886E0914B75072E7290FE6D8B00F24
0.99998963707  0.999948015562  0.972925482916

gov/noaa/oceanservice/BD9936D9B712A07FEC4FAB5F40441F515901B45B394E80A248EB9BEEC21F158D
0.99998963707  0.999948015562  0.973966144404

gov/noaa/oceanservice/C06AA7B8A09B6FB7C62A77958A1DBA0E86F61E3F71DFFB2B81EF975FF8781053
0.99998963707  0.999948015562  0.928955307435

gov/noaa/oceanservice/C141F7F82AA030B24D9FD5C3987592AF4B9E4A925A8261ED5B626B8AD9E4372D
0.99998963707  0.999948015562  0.973966144404

gov/noaa/oceanservice/C6C77A55356F0680C9BF4CB0BA84268262A1729EDEA02D0F1613681C112D1C20
0.99998963707  0.999948015562  0.934056025011

gov/noaa/oceanservice/CA783A9CF85CA23A0D817C4D10CB76883FCD181B1694BF5B184CE7525A5514C9
0.99998963707  0.999948015562  0.972925482916

gov/noaa/oceanservice/CCA1D286D4ED3BF0C038F63C289DFB50450A08551AB560D47B862CB3936CCAAC
0.99998963707  0.999948015562  0.972925482916

gov/noaa/oceanservice/CE3185D1082D327719BA5399CA8E96FA1B20B87CB32E53BA73B298ABA6F26689
0.99998963707  0.999948015562  0.926321491845

gov/noaa/oceanservice/CF4920843CA6BEF5626E8DFEB4D5188BD0276D65488EE7CEAE9A3BC1E6890B60
0.99998963707  0.999948015562  0.932083558365

gov/noaa/oceanservice/CFF9EF7824D306310D27270BA5DFCA2B6049F64A4D553134963FB782AF2D8C2B
0.99998963707  0.999948015562  0.929510907843

gov/noaa/oceanservice/D597F38045CB0BFF1921F478842376C3232A67E7E857AAC1162E8A6FAF17D557
0.99998963707  0.999948015562  0.972925482916

gov/noaa/oceanservice/D8133ED119BA1AAF8C25BCA33BCE101F7E40EC999A803B8959AEBC9129D7F0AF
0.99998963707  0.999948015562  0.924198855579

gov/noaa/oceanservice/DCEC3391BFE09E40C7A7C87FE4C73682F6E165236D5919621A855723FFBA67C0
0.99998963707  0.999948015562  0.972925482916

gov/noaa/oceanservice/DD2244EE9F73BB56FCD686ED02D73F0CBD2BDB04512A0958B5BC3745B4BE7E11
0.99998963707  0.999948015562  0.972925482916

gov/noaa/oceanservice/E2999E70ED4545CB25F8F24BDC65EECF492F82B0C328983768EECBA56E2AEA9D
0.99998963707  0.999948015562  0.934056025011

gov/noaa/oceanservice/E43D1E8FADB16097899FEABF27C5BA05C0154DC626C1807CDD54123961DF22AA
0.99998963707  0.999948015562  0.972925482916

gov/noaa/oceanservice/E659985F10F4C7D9A3611A29FE33C0F70D7D42D119AA49FFEF60FF4D8E918A53
0.99998963707  0.999948015562  0.926882695323

gov/noaa/oceanservice/EA87F849760FD718B9F6FED6CB06820FEDB91F37256569C7905640FD2B91B18A
0.99998963707  0.999948015562  0.972925482916

gov/noaa/oceanservice/EC761F5F4A085E98E380765F1D6221BB0D63D677375A892E6808F91EDC904A43
0.999988997681  0.99994744337  0.67247426992

gov/noaa/oceanservice/ECCB8E3F4D6587C7B77D6472B97356F1A3FA9F7ADD866239A877FA04C3E13B34
0.99998963707  0.999948015562  0.973966144404

gov/noaa/oceanservice/F09080F2EF32A49BB289D66F62B565A5BC916FF38C178B445A5CF116F7093638
0.99998963707  0.999948015562  0.932083558365

gov/noaa/oceanservice/F185DD9EB85844B64F7623592220B02539392C5C39BF68708C16FCE91D455577
0.99998963707  0.999948015562  0.972925482916

gov/noaa/oceanservice/F1B34458F9451EC3BF4AB814954E829B3894C13197EF284FC2D5238D3CE1A944
0.99998963707  0.999948015562  0.934056025011

gov/noaa/oceanservice/F1F28C1E3B003619A9ED7ADFD89F31C418308DBC8C3D25E68ED837BAAA269E70
0.99998963707  0.999948015562  0.972925482916

gov/noaa/oceanservice/F229E602898FCEB86F521D5E7A2786A05FD7F0DCB010270168D985A2A6E023A4
0.99998963707  0.999948015562  0.973966144404

gov/noaa/oceanservice/F6B739B37B20A945424E78CC29D31A391B0C83DAF569D9F2C1CA47F52CF72C09
0.99998963707  0.999948015562  0.973966144404

gov/noaa/oceanservice/FA882B5386133C7DF5CE7553B21B68FFF8625C4B59E388FF3E47456512BE41C0
0.99998963707  0.999948015562  0.973966144404

gov/noaa/oceanservice/FD2DC3530BFA0A18E065931D8EFCE9653C228C2660C2498C6AA78A0E28FBE5A2
0.99998963707  0.999948015562  0.932083558365

gov/noaa/srh/innovation/2B8B37DF2CA76261FD0E3254D04870D2AA79917BF132CFEED99F4056418460EF
1.0  1.0  0.669302365076

gov/noaa/srh/innovation/434F0270C33AAC6703C949E2736BEC4DD8F4FC0C6A28845607F843DA034FBC83
1.0  1.0  0.893581453155

gov/noaa/srh/innovation/7D81D24D0E7EB9DD7CE94DF8C2D1CFB1DA49E5DF1F3D3C90B626B4E8E5E933C3
1.0  1.0  0.893228920018

gov/noaa/srh/innovation/C4BBEE9B888ED4E5F9853D93AEBA3BC231A03DF8394E6A05E33475D54873D8D7
1.0  1.0  0.725210535923

gov/noaa/srh/www/266E5FC79072D2F139D7E9840778C76C5BD352D93B462AF9ED6B91C00AEB8253
0.231126745637  0.519607810267  -0.012817704491

gov/noaa/srh/www/451293A8A961C5A70F11C166FD21FAAFC8907B5DB8BF3BC136718784DB16D937
0.231126745637  0.519607810267  -0.012817704491

gov/noaa/srh/www/5409F01E60935DEDEA3DFD195E76286FD313AE0562C95ED769157B82D4234B20
1.0  1.0  0.85903890231

gov/noaa/www/429E292CD96099062EBC6E627A2D08DB75F58DF451C5D4738B34ADAB70536604
0.42522087057  0.824078632396  0.0689632711785

gov/noaa/www/6E7819ECBDC51FDA4B07607D453EA7FDF244D7AC367591D5D4C72CB3F954EBEA
0.42522087057  0.824078632396  0.0689632711785

gov/usgs/gallery/038BB57A0B3663864F19E01E7AA71608FA66A2F23F599EAAA6A467273D34C111
1.0  0.999161858717  0.825836775189

gov/usgs/gallery/0B63D904909FE881FE353F9F8F91976559FC8040F5164A655077E1035E12DFBD
1.0  0.999161858717  0.636983126358

gov/usgs/gallery/370ED883AB51A5E5B7232B946AFF3250DAC8DB9270718D26E7369FAC08B7AE36
1.0  0.999161858717  0.873327314172

gov/usgs/gallery/4F5C3ACF69A7456157009107D02866D31DF8FDDBA07DCCEEBF60C4E53AB18B63
1.0  0.999161858717  0.863217600511

gov/usgs/gallery/5906461A9886412254D65FDC6C9E78184F77F1D2AE9C2DB331E20584D99D5D42
1.0  0.999161858717  0.839360040042

gov/usgs/gallery/624CCEFFA2AE4CB6CD5AEDD12347518D7EE5B23AB8E7F7E61A48BA2885267CA1
1.0  1.0  0.653034172376

gov/usgs/gallery/7C3080DC7080AA8F30710E3EE313ACC475331D66877DACC04697AED5FEAF3B3C
0.99998963707  0.999948015562  0.973966144404

gov/usgs/gallery/7C9A919FE6CCC9CC8EBCB3F9B99D717F5F768BBD34790CE7D6F4AA5AD9A17033
1.0  0.999161858717  0.870492353969

gov/usgs/gallery/947B42423BB7B6D161697900B87192C75BC4D5122670CABD0316D4B06F0382A0
1.0  1.0  0.918865390304

gov/usgs/gallery/BAF6A06B16BCD01D7CE26FE196EAA7D98D383B38FE5321F4A0813B49B518DA1B
1.0  0.996574388142  0.862671101471

gov/usgs/gallery/C1906DA53A051F7D811CB0ECCEE1708264FB2E48374FCE2FF9DBF5D7641337BF
0.986405458664  0.993193758136  0.37700710085

gov/usgs/gallery/C91770D1EE0C77D303410FBD75AC1CFD60415CF276E104BC34614BD41FC19417
0.999988997681  0.99994744337  0.615395036983

mx/unam/dgcs/www/20198BAFEFF78693B438C68591D67F5A962C4AD38CF19599EE0B44D8F28B1AB4
1.0  1.0  0.832654849329

mx/unam/dgcs/www/278E5360E2C2A0A8F9E2185C2F262D9415DEA22C7CD73916892A04CB6C705700
1.0  1.0  0.832654849329

mx/unam/dgcs/www/353106D2316F53E49A44CD75A33E3D7A3F14326BDFA914F71BC6EAFC28E36855
0.976702099678  0.893577011492  0.415741414359

mx/unam/dgcs/www/577AEF4E0BCAFEA24322B53D64DEC88E26A2F0B5E44FB237706EC245A50B6F61
1.0  1.0  0.832654849329

mx/unam/dgcs/www/6AAABA48C67855508C9427F502213B1425FEEC8F64015D6562A441797A255E56
1.0  1.0  0.832654849329

net/publicbroadcasting/stream/4F83786481E477317D480EAA6B41FDC9DA9EA0EEF160EA3C413D8DD9AEB5DF56
0.920551363207  0.740142422807  0.36661297645

nz/org/learnz/www/18E69DE73C521F301AD97F5D4DC423A37A0F6E421596BBE4957E7366C9807CF8
0.999988997681  0.99994744337  0.668424029993

nz/org/learnz/www/405E291C40D0475B82B50D06FA79B9872921B7AF2F218ABB4149E99F1149A221
0.999988997681  0.99994744337  0.668424029993

nz/org/learnz/www/72F9442F424C0A2913399487FCB2C972DDE389D38A1AB6B3FEAAA6DA1A9523B5
0.999988997681  0.99994744337  0.668424029993

nz/org/learnz/www/8C28C70D6B33E64AD7128D882C42C36DEF1EABD2C7E5829F5C6AFB2ED9A7E02F
0.986405458664  0.993193758136  0.37700710085

nz/org/learnz/www/8F998F90F7FBB9CF9A55DB2D0FE7190B0A47AC239A97CBAF6CB8EF2818F2B20E
0.999988997681  0.99994744337  0.668424029993

nz/org/learnz/www/9A075A7AA5027688AF375EF70DC2FD98FC8614F259306F45F4B56D73B8141A32
0.986405458664  0.993193758136  0.37700710085

nz/org/learnz/www/B2E116E8565BB3F01D89132803989F9DC18ADDF8453A3397CB0F1A376D0B9002
0.999988997681  0.99994744337  0.668424029993

org/afognak/www/E39A5A94511614DA6B2E24C1B3394B9F62EC4DAB2F22E8DDDECA3EE6856BD91B
0.986405458664  0.993193758136  0.37700710085

org/albartlett/www/8C9588B5909DF78CC494752F097373932A73243F90B3A9B7B9572D4654D2B390
1.0  1.0  0.638119694772

org/albartlett/www/AC7440DD6F1FD033FB9EED884FFC9465379F6EAB7CBF94AE9EC5D035F719AE4F
0.99998963707  0.999948015562  0.884618425542

org/albartlett/www/B906545F2DECA674666E86797F3CDE44D2893174E9C0CC49B944B10D6A97318F
1.0  1.0  0.628524259256

org/alexandriaarchive/0CF37B533B54C48201173F04CCCD6B4F08C5D758A75CB9AA58327955A067D390
0.99998963707  0.999948015562  0.922455827101

org/alexandriaarchive/35378AB1E90E56BD4DEAF721085F93901B285E63713E3B9259EB7F0AB5C97B50
0.99998963707  0.999948015562  0.922455827101

org/alexandriaarchive/3750245DF85C0158F0DD1ED6D0FFC2DE0146717A32416F4BCAE72CAA287843BC
0.99998963707  0.999948015562  0.922455827101

org/alexandriaarchive/65A30612BC47F09AA5AF66EFB971D8C3328D70523681D249EC68BAC64F30BAD7
0.99998963707  0.999948015562  0.922455827101

org/alexandriaarchive/6A06A3F615E9BCB09BFA5FDB3C3269992DEAF9D2224A3B9C7B01FF91609629F2
0.99998963707  0.999948015562  0.922455827101

org/alexandriaarchive/9082F8A700713E470E18777311ECEBCB23E4EC41852D83F57D3C8EA129EBCBEB
0.99998963707  0.999948015562  0.922455827101

org/alexandriaarchive/D32C19A59A7C6E0FA51D65D9C2525B5632A39E587F395BD74E198D07C3616876
0.99998963707  0.999948015562  0.922455827101

org/alexandriaarchive/E203806ABB815217E8E4E26553680B46EE58E506217ACBCBDB02726DBBB50A0A
0.99998963707  0.999948015562  0.922455827101

org/alexandriaarchive/E91A4C6B670FC7237FD0B4561A0A53DCECA4D664E73A30B1B58EED6B5A496FDA
0.99998963707  0.999948015562  0.922455827101

org/alutiiqlanguage/www/2A742706F9B1B9726A099C07A5740E4F1A3F24885180091157F1224EA6216D68
1.0  1.0  0.884712036793

org/alutiiqlanguage/www/35C04BEDAE414E24B885A9E1E6BA40F229B1D988D116E36DFDB1AF0B498AC425
0.99998963707  0.999948015562  0.945205772922

org/alutiiqlanguage/www/449412011F1533838FEEA95574117817C77872F22A052EFCF4CE395D0464CEF9
1.0  1.0  0.858935535938

org/alutiiqlanguage/www/483269DA107C89651CFF4113D96FEB447F157978AAB70D620F366621B678B1CC
1.0  1.0  0.879399972508

org/alutiiqlanguage/www/51A07165387BB3A41436DE350BBE901F974692D82278436245FC389EA900199C
0.985826947084  0.99133817043  0.35435148253

org/alutiiqlanguage/www/6EA619A7389C5922B19CA64CF815374890AB32F0091006EF8233615345A36AD0
1.0  1.0  0.878397046252

org/alutiiqlanguage/www/80C833E5125082EAE3B4CCDA1943BA38746C57BCEDC9F624D54255CEB8277773
1.0  1.0  0.858935535938

org/alutiiqlanguage/www/82CEB32949A9BE8D2AF874669911615EF85A50A9A62FCAB66D216E808A413E37
0.99998963707  0.999948015562  0.939620974883

org/alutiiqlanguage/www/82D62F7EFCF81A0585F4C09C0F8FA7D4226E7C46F4C015D5325C2051D70BDFB9
1.0  1.0  0.624052887315

org/alutiiqlanguage/www/83044D04D4BDE743F1131DE9D0EB3F9A111E9B8183492D9A0C56B477F1BA01E5
0.99998963707  0.999948015562  0.927856230405

org/alutiiqlanguage/www/894A6DAB74F8DEBA8BA404EDBD23DA4C121F7B1B6039EFFA13DB456A14FD3234
1.0  1.0  0.848645715128

org/alutiiqlanguage/www/8A7FAC1F7DAA7BF23A336E376E68A8EB4F4A8362967F12E6C9DBF8DFEB6A10A9
1.0  1.0  0.857324940975

org/alutiiqlanguage/www/8C9E4D0EAEF4D5BB78E3458EFEB1F2C0C6910C4839C43C4506A9E7908FDD2E16
1.0  1.0  0.894213810777

org/alutiiqlanguage/www/9021EB41711C10611D0B9828B098209D5597FF9EC509F26DB0BFED439C831396
0.99998963707  0.999948015562  0.94641893413

org/alutiiqlanguage/www/9F8AFB4B39297F133F9068EE44118A0DF11B331603A4ABF58627F7987DA05B29
1.0  1.0  0.862034234359

org/alutiiqlanguage/www/A8E427B5A86922C7FEE89EE4D02BBF4566277BADB88C8A0D9803FFC15B8AB191
1.0  1.0  0.572997865818

org/alutiiqlanguage/www/B05C8B15D78E3CDF3D559B8941E47E0A73AD04A089ED9A521DF9ACFDAC00A28A
1.0  1.0  0.89390960531

org/alutiiqlanguage/www/B6C46540080D20CFF5B32440EAE093B164C73ADEB409AE494EBCF9A4EC3F6140
1.0  1.0  0.889477891378

org/alutiiqlanguage/www/B7F6FBE4437553618593EE76E0F1A6F4736701B7E674829CFB3DEDB331F93EC7
1.0  1.0  0.881303225981

org/alutiiqlanguage/www/C35EAF2035A51CFF6B9B7C5EF6371DE01FB7144284C090EAE06AA927734D1C4B
1.0  1.0  0.886935063415

org/alutiiqlanguage/www/C6A4200261FD1839A77DF68BD9BC632CF8E1B3263D7BB83A5E26B5C53036729C
1.0  1.0  0.887614981614

org/alutiiqlanguage/www/C85E69B52105CBE7E1ECC4ED314D4527335B00A21399FA014CE936EBCFAEF59A
1.0  1.0  0.789222033367

org/alutiiqlanguage/www/D8EE9B835FDB3D99DDF14443346867DCBB71D7E5D9EB07B37B0892BEB7DB1F02
1.0  1.0  0.888265120046

org/alutiiqlanguage/www/E07D7945088E309F7D307D1E6B1D5DE35E4A3B378F5EA21D964DBF8C35C8507C
1.0  1.0  0.888265120046

org/alutiiqlanguage/www/F432CCE65EDBCDC3F3348B3D37FF7559C3CEE719B49AF8C36FB1D776F060E31B
0.99998963707  0.999948015562  0.943897987032

org/arcus/www/26015EB6A37F15BE4A15CB6A676B3BE281ECD31272C9BAE64AB00E6A62F2F7CA
0.999988997681  0.99994744337  0.8430597275

org/cni/www/A31D32D66EF33FE7B2996EEBEF81808EC3D41D3B72F8C409EAE5E5B33EA7C81F
1.0  1.0  0.706991554612

org/cni/www/F40A9B1DEE89D7AE2271967ABFB38BE674F801FD83272AF6C5D2D755BD963E70
1.0  1.0  0.706991554612

org/cni/www/F959FFB2118E086C88BFE79EEE2D723CEDFC7AA9965186529BA5DDE9AC8BCEA8
1.0  1.0  0.930024630404

org/encountersnorth/E5A3F567BC07DF2C262CFC45334A3106176792EA295D7DD01246AE9F53695CED
0.517033135287  0.630089180552  0.0717741163578

org/gnu/savannah/4A03C0B9626F5FDE46C9914991D607A6751CFEF1AA46A455FFC57CEE7A78B71A
0.42522087057  0.764728708017  0.454557441313

org/iccaconsortium/www/68649A26E004D1BCD2A8AABD3D13303517E38D25D0DAA85D2B57B33736B1845B
0.513781559096  0.689387596936  0.459511450797

org/iso/www/3861654C9E70F8E577AAA788C9A40DA907AE9E09690C3AE9A31A1D6B51B9EE38
0.99998963707  0.999871956982  0.659546776315

org/iso/www/DF0C19FE2B092E41C50DB19587008B5D468F0B325A33ABCA8EC08960F8E6621E
0.99998963707  0.999871956982  0.842498165535

org/knom/www/BF5B494B7A4BD87923F032A158B5280575600214BD94848566B802B67661E9C1
1.0  1.0  0.873054548398

org/marfapublicradio/3FA11740DCF49C0905C3FAAA284DA65A6ACA64F95C0B391BD0FA093CCF7FAEBB
0.313327584301  0.762405611264  0.382222984588

org/marfapublicradio/51BF9566F31075571C5437B8B645870F41A7CA31D097AA361F178C14525AB5BB
1.0  1.0  0.677007698967

org/marfapublicradio/68184992DEECBC6F772C029665D3B6E4B4E80DC2CB4C91686A537EB5797B3184
1.0  0.999531251674  0.754153317773

org/npr/pd/1C6218E8AAB020F9CC1DC5FD690F884D9584C314154FCAB57C0BAE2EB7557360
0.308659143928  0.782155707684  0.306484563268

org/npr/pd/8C9FAF98E4514BF0FA67CBE4D1EE29A64C40A6B7CBB4FB6A5BF96AF6D22AE3AC
0.308659143928  0.782155707684  0.157454055196

org/nsidc/1EBADE8E388298350421F16AE6F4892E7AAB5F1E01EBB5D55260B6FD6B102ECB
1.0  1.0  0.840698967366

org/nsidc/645166AFD7E98BB1C4F396DA459C16D59B9DC589FFB4A8C3C4B29D4D5DF6BE9B
1.0  1.0  0.840698967366

org/nsidc/77F17E2E1A001C4A914CC4333F134148E2AC9A1349AE4598C40861232A9D9C4C
0.986405458664  0.993193758136  0.37700710085

org/nsidc/928580F3703666DA47C1189821BAB20839217F22D6099F669AFEF734B1496582
0.986405458664  0.993193758136  0.37700710085

org/nsidc/98D18CB4E52CA13264FFAFE4A36D465CC7883440F8FFDE2C85E046C612B24A38
0.986405458664  0.993193758136  0.37700710085

org/nsidc/D2EFA2356FC200DC88D7BDF5F8F618D48B6185E8DDEE72836FE1F13D3F45B9E0
0.986405458664  0.993193758136  0.37700710085

org/rasmuson/www/479238763373005198D9F997DCB0E04210C7A620D411637C87A680A9E8833048
1.0  1.0  0.756553729865

org/sealaskaheritage/www/0D81A835676DC10C0CAD522ABB6F3DD0B96FA37129EDBF7961F69251E95F91FC
0.920551363207  0.73947489399  0.318024814301

org/sealaskaheritage/www/1770A81EEC7E51F220A5416844874B5E68AF4AF6B2F77BEB42F29C5C2D7E336E
0.517033135287  0.780958907047  0.237999148943

org/sealaskaheritage/www/845E28A5DBA343AA17F1F568AC8113554629A61249F05B336CBD46B56484FD8D
0.517033135287  0.595941451278  -0.0926030425059

org/sealaskaheritage/www/A687F3471F497DE4D7D05F098A64D4ECC41AE3756C3155FF6BAD3298400F9A29
0.517033135287  0.609282901922  0.181012593063

org/sealaskaheritage/www/B38126590315B51B262E021DE16BBB359ACAC7E9FCE094268DC21038F91AECCE
0.922860452156  0.516157748298  0.235282923728

org/sealaskaheritage/www/C9A00274AEA41CC07DA5EB0F3CB3B18D76464FEBD4C650FCE0E7154F658287BB
0.517033135287  0.730713643731  0.548034646496

org/sealaskaheritage/www/DF0CEBF49973D39945F5310F9F84A5BAE897F51ED5AB0D10C511DCF49C3E83C1
0.922860452156  0.838461341219  0.396044352157

org/windows2universe/www/E464E4555FEAA2FFFBAB7F381A61AD8AD8479DBF568D3068E98156CD51DB710E
0.987246606703  0.884365417348  0.501388802058

tv/uctv/podcast/7F2BD41F8A1302C7503E659E331D7EFDD4FFB320CD89208F72D4F0249EC12530
0.99998963707  0.999406430815  0.915603387619

uk/co/bbc/downloads/1AD389FFCEEAAABD6CF971FB0DCA2D39B8A213CAFF4983ECDE09F2881B711CDA
1.0  0.999792892659  0.893875565975

