gov/nasa/spaceflight/4877D1C155AB06C4CE40AF1B0738CE49EA9D82A2244DE3F9A9DFC63BBFA06B02
0.906842879871  0.325207911124  -0.124137358968

gov/nasa/spaceflight/4F912C1E6D112875EB74221D5C2003B34B15699755563F5211FBF4CD29EC90C7
0.95221677022  0.741238756465  0.0737410581947

gov/nasa/spaceflight/7368835B96BBE5BAEB3F38F0BCC7E6E4AAF05CF9B29B6887D1103A7C379645BD
0.999287750466  0.459943065197  -0.0105108721286

gov/nasa/spaceflight/745928CC96A16FE17F097AFA5A888A9873697C1E36A108626FEB40DEC0947391
0.525229999384  0.924503716066  0.09411051243

gov/nasa/spaceflight/8BF851511591CEB6DABBAB425B9BF85533A50DCA6E4E4E5A28AC17DA957BE393
0.949038812801  0.915572488228  0.107312154937

gov/nasa/spaceflight/91ACE04DBB8B985F4C2B5452C2743BFE515804191C1505077EC4DB7DC22E21CC
0.932433701511  0.463635283877  -0.0754718905906

gov/nasa/spaceflight/99868477E91017C1F79D5A53EB2DD1D59B10B82CD11C32AAD898373F00518518
0.992811399901  0.547243215276  0.0559931121226

gov/nasa/spaceflight/B181F52D7B406C7DD732CA287C42E6EE044251ADF4AB492C802B7D20797F49BE
0.823851193056  0.683340904712  -0.0319317977223

gov/nasa/spaceflight/B21092EB13AD31E2EECD4AD64EA20189F082E1AA1134367868469194EB6EEA8C
0.975093182262  0.537635760088  -0.0274586251713

gov/nasa/spaceflight/BE31709D56C571D311206BFCD8C366E45A17D24E9C2E1712AA43791DF317382C
0.955524270037  0.44536910828  -0.0681953160447

gov/nasa/spaceflight/D717F489F17427F128DD2530431BB4BDD560BF99C2C5F7C1F7B0C56147805CA2
0.979506320196  0.439373417871  -0.0511727253829

gov/nasa/spaceflight/E1D600029165F3FA0E3AB36AE4E6099185A5294496382AB850320FDA45B04512
0.936189081633  0.793042175455  0.0816253884199

gov/nasa/spaceflight/E4BA6755BE49F0CA53B681DCD1B6EC3F5B967D3570C6C7D7700E741DF4A12ED5
0.819454823709  0.608671772908  -0.0613735566313

gov/nasa/spaceflight/EB301986F3E380819441FFB86063810CC236B3B06584750DFB419E29A644A4E6
0.880947998794  0.333691031716  -0.0420867920558

gov/nasa/spaceflight/EDB4488C230F924AB0144837CC6860ADAE39ACB7FDEFE94BF8BAF35B681189EC
0.99035232472  0.907097248289  0.122086585209

gov/nasa/spaceflight/EDBE384DF375A46C0960CCCCCBE37D6BC53E5A0639BB40959D5133D135257C00
0.97245408032  0.581280969841  -0.0163817885836

gov/nasa/spaceflight/EDC27CACE1D57E12B24924E5E65276739F67CBFE6F8F0DE28443F1840AA960CC
0.46715002664  0.333381582557  -0.0814834067481

gov/nasa/sunearthday/77F2803A418F1F7AADBF174F58998C4CC90B9B45EF6E56A1F136933B343ED642
1.0  1.0  1.0

gov/nasa/www/14BA43E2CEE7301924D883202B732E268D2A6D43C2AFBD8BD67C2478CCC56949
1.0  1.0  1.0

gov/nasa/www/15670063DB52998AF5E474A5B1851F74039E2F126064BE40E426FFDA654FE8A0
1.0  1.0  1.0

gov/nasa/www/23A5FC9A9FCA1A703D0B69B181C60B4DF7678761D61E46BDDA522CE25531318C
0.999579489587  0.610886662586  0.0331200811539

gov/nasa/www/26B6EBB1575BCEC5AC93BD69509B8382A59E92BAF3821507423AEBCD82B4B76C
1.0  1.0  1.0

gov/nasa/www/26B7E42A693E403BDD067F53DCDB282DA0A08C8907F301DF90B64FB7CC0FACAC
1.0  1.0  1.0

gov/nasa/www/34EB33DA981B7EF368CF431A5E2C6902848776789C80D83A787F018D75B2D828
1.0  1.0  1.0

gov/nasa/www/36FBE9B2214F08D0817FC7858095C4D81BC9E2CA5664A06AE57372EA567E2F22
1.0  1.0  1.0

gov/nasa/www/4012570A24A3D650A9373DD6F6A05F49FAAA514CFBE610D378FE91C08ADDB7DC
0.45732956038  0.981875308673  0.199592687514

gov/nasa/www/41F97C0A4E30DDF53F5F0FFDA1DB9ED6350F4B9D21FDC5E3FB0A9BDA7DD0D7A3
1.0  1.0  1.0

gov/nasa/www/488A6B7686E01FF3B79185418F7291DDBDBEAA6295CB96F4AD86FA09AE961083
0.999583766891  0.908738407678  0.13686985676

gov/nasa/www/4FDDEDF8C697BD1DB1B11032EE1671BDE20956CE50F95CA95339457C531EB1DA
1.0  1.0  1.0

gov/nasa/www/55037AD9329F1EB9A8149007D7BE1648089270D686B15732A6B68C87E43FD8DD
0.0165873750114  0.790995213843  0.352636736131

gov/nasa/www/64D1A56D4DF6AD768D5D1C3A6BB01FE3128E2A7D91D8C996CD3B908998F32CD3
1.0  1.0  1.0

gov/nasa/www/6BC80D667A0682767CAC522A2C182B17E9E7734809F2C41C7745C12E123F18D8
1.0  1.0  1.0

gov/nasa/www/714FE2B3E650D81A09A42546910C292711FA53B0C3D734FB1F97FB3A01F74F4E
1.0  1.0  1.0

gov/nasa/www/7664DBF3719ED0C8559220F59A4F177F152742419384697548E4E932802D3E32
1.0  1.0  1.0

gov/nasa/www/774A9D4A98514FDE013AFBA520F652064DD0B57C74BDC2D80DC537B4CC2D7D42
1.0  1.0  1.0

gov/nasa/www/79E1EB0B457B846FEBCD775314B8118DD45B6F3F8FEEF2CC1EC857F9F8058A18
1.0  1.0  1.0

gov/nasa/www/7F1D1617AF14AD374889C6B2FCE6F6E4411FD4FBBEC540EDCA98415D8959B62B
1.0  1.0  1.0

gov/nasa/www/9146FB747E243E987DA24DF58A467AD7B6415CB1691A7BDB8C06F3B964F50E69
1.0  1.0  1.0

gov/nasa/www/975A407ACF7158605FE0BD268A9F27BC11AAE79634F6F720ED088B5D1F27F21F
1.0  1.0  1.0

gov/nasa/www/9765F786BFB6809986CF3AF396B5B5995177B0F7533786F2293FBB342A58B843
0.986440050416  0.941588708617  0.141164083457

gov/nasa/www/99377A1855BB7662CDB469FDAE492D724B2A518597B982358FC69808A67E639A
1.0  1.0  0.858565705647

gov/nasa/www/9AB39B26EFD958647A20E26424CB876DD5853B0520BA7E146B6B499337D36A14
1.0  1.0  1.0

gov/nasa/www/AB9CEB449B1E92C51DA5C0C908A1F20672A9EFC7FFF4F4C201D6C34B54214D04
0.485661864257  0.981507952146  0.160578089998

gov/nasa/www/B2D9CF5CF2E7DA9194F65887BC46F26FC84FD02F6D2F0FCBC4680C92C46905B9
1.0  1.0  1.0

gov/nasa/www/B53BAC8882F294AAD8DC0C829A14C77F6D2A44A2B69072AE8E8A0D1306999B75
1.0  1.0  1.0

gov/nasa/www/B5A7E604607C14FD8D0E72AEC1BD67D5D4409440D0B12FE6C42B83F37311CC27
1.0  1.0  1.0

gov/nasa/www/B76ED34BCD7E20AB2B94B8632FF59CDDFD5AB7EA7F8EF9EF16BD789328101C9F
1.0  1.0  1.0

gov/nasa/www/BEFCCFD328AB08441DB6B864A304BC456D33B764ED9F251A8B6FEA7101EF132D
1.0  1.0  1.0

gov/nasa/www/C32B8F25E42224A4C218DA2139A33F9EBFA7DDD586A91B5F257C07499F1C2C15
1.0  1.0  1.0

gov/nasa/www/C971C266F2139089BE140D7AC56631F3E13817B1B9FB2CC5492767EB4CA373AC
1.0  1.0  1.0

gov/nasa/www/D68EB62134CE7148AAABA8042354AD869761A3DC7468263741D1A057A9180E70
1.0  1.0  1.0

gov/nasa/www/E89D21A159D142BB8209C095BF8C6B44D417ABE7751D30BE45F7758CBDA3405C
1.0  1.0  1.0

gov/nasa/www/EB6B79DF5C7D9424BE87C73132305DA1141362ED35894D51DEF22D30C38D5801
1.0  1.0  1.0

gov/nasa/www/F847D461D8E8468D7F761708CD83ED955E4B819438792843E239A6F03C4916AC
1.0  1.0  1.0

gov/noaa/arctic/www/11DE9445E77C094AC5C73079947942514AE44D11795C03DC95C13813F239993C
1.0  1.0  1.0

gov/noaa/arctic/www/12F3CEA3ED3619C053A8FB8F63F51221020BB80E2BB15BD1D2D63FB0FF678F2D
1.0  1.0  1.0

gov/noaa/arctic/www/1566B5832832BC2B90F23B9303A3C950BBB305A022AD4727CF4E2F787E5C06D9
1.0  1.0  1.0

gov/noaa/arctic/www/1B6F4181F66BA508B4A32DE7136326F01E6F69CE61DEB6F3F513DE331A821188
1.0  1.0  1.0

gov/noaa/arctic/www/1B9AF166EC9AED9E6577EA47B515397F7960E3FA5E08EC7854F325A620544CBA
1.0  1.0  1.0

gov/noaa/arctic/www/27597E728A985D4F5ACDB27ED349C14AE79DB0A3B55A1F06BBE2A1B36B3B4152
1.0  1.0  1.0

gov/noaa/arctic/www/3CEA4668C0ED47F78DDE4C1177C39E36546724EA7F10A4E527003231874DA239
1.0  1.0  1.0

gov/noaa/arctic/www/451B62A0E384D9C55D6D3F32CCAC54D80CC4F62EAE47D9ACE7D4E1AC95266823
1.0  1.0  1.0

gov/noaa/arctic/www/47ADA5B3A4668039D1FC9DEC8A52F1D05ADBFE26DD9549C847E7143E35C3D13D
1.0  1.0  1.0

gov/noaa/arctic/www/4D453874A82B941C2CEBE6537BCDDEB3F88649BA11B7BD98079DB670E53C87A3
1.0  1.0  1.0

gov/noaa/arctic/www/61D43AF84D4C16240E956A6BF8208050AE58767CEF1113BA5BB96B0CDBDDE458
1.0  1.0  1.0

gov/noaa/arctic/www/6A2F255B43DBA8E502674F30DE921F65918CA61AF0A8586F7187DEC1704313A6
1.0  1.0  1.0

gov/noaa/arctic/www/84FDD24511877B7EC058A484B0987B42FD29B26819670E42A5F1756E8BEEB85B
1.0  1.0  1.0

gov/noaa/arctic/www/8DB96B846AA36E004F2AF73157BF15C78B5B79A3686CCD491F3433847330D947
1.0  1.0  1.0

gov/noaa/arctic/www/9081CB403D30901F395A4C0E04375F0B6154A804A6B5B9B247C88FE2B02EBB04
1.0  1.0  1.0

gov/noaa/arctic/www/AABDCEC60AD741AC13905380B1F3885002C239B8B5CFDF4359AC45DC1DECF795
1.0  1.0  1.0

gov/noaa/arctic/www/B23F157250435B68BD1CFA3DC27E567F199FD551B91D6EB3CD16901BCB6CB44D
1.0  1.0  1.0

gov/noaa/arctic/www/BEF010A4A80CD45A35544DD4DE45F8E913F5A5479245273ECE9D572F5E382A34
1.0  1.0  1.0

gov/noaa/arctic/www/C4F3FBEB939261D09E1A9EB643704A9B331B4F2C629F8BEFA5A4EC274A26D2A4
1.0  1.0  1.0

gov/noaa/arctic/www/D92874E717280829DFAD25A46322EC4D74DF7E5FFFFB9E009911C312D06D32D0
1.0  1.0  1.0

gov/noaa/arctic/www/E369FEA70464817EB908F67B77DAA1953D5BA4446B4FB2C8FF090168F9B140BA
1.0  1.0  1.0

gov/noaa/arctic/www/F3A526880B618B1992CBCA2E2437E8D795A947C28D7C13153024CB6568B14358
1.0  1.0  1.0

gov/noaa/celebrating200years/52713D726103F6DCD997E18D6BBC0EFC30A1AD9C36A492F81976E459A3921B04
1.0  1.0  1.0

gov/noaa/celebrating200years/583F1D871A51343FD71DDE38DFEDF834762CF292E0F9A1D78F9AB4D429569FCA
1.0  1.0  1.0

gov/noaa/celebrating200years/7C4B3856CA2988541B1F96F94E6A35733C6B65585E505C927A77A003B35061B4
1.0  1.0  1.0

gov/noaa/celebrating200years/D62D9ACC1274701A1A1F8A9972DD6B1946CEAF01F9AFF0F3821955C1CE3B9DF0
1.0  1.0  1.0

gov/noaa/moc/www/2290ADAF736382F6F1B543DB83622692B86930AD344106ADD0939680B70B47EE
1.0  1.0  1.0

gov/noaa/moc/www/4CA74B9AA565B262D08F426BE7C400B67935154202557D7EC89F51654D932E85
1.0  1.0  1.0

gov/noaa/moc/www/4E2604090C743C5C1784D6762BB7C7A62A03BE7F08D4A14EB56481462ACE50BA
1.0  1.0  1.0

gov/noaa/moc/www/713FD18230AB53EE5B02DFE92E6E1D02564F79B39466C0C1752D848548DA2F11
1.0  1.0  1.0

gov/noaa/moc/www/72FDDF273017E36D7AF1032FA5481D029B6F32E401834A69DF389F7188198E6D
1.0  1.0  1.0

gov/noaa/moc/www/A3E6E4D1E3C5778817A825A5D01B31B0FE29E18BA065E36707F339BD1130BA4E
1.0  1.0  1.0

gov/noaa/moc/www/A421C62C1ABA3BDF5B7E0AD15FAD6BA723D4765AF3AF776D554FB0556AB7C91D
1.0  1.0  1.0

gov/noaa/moc/www/A8F34B67A9441160A860569E8ED92FAC6D6BB21A3FC86B18A89D8E2E2B3E9071
1.0  1.0  1.0

gov/noaa/moc/www/CB5273EE3706E35434D006E2982CB82F0C4F6378CD8E0F242234694ABD51C4B2
1.0  1.0  1.0

gov/noaa/moc/www/DE6798D8215FAC4DC8672822C94BDA243B3A1C8F61ECC0AFA4959B7DD0A2B674
1.0  1.0  1.0

gov/noaa/moc/www/DEBDD0F2376E9B40BC1B82E480B84982F5EFD998718D6A851602BC102DD8A49C
1.0  1.0  1.0

gov/noaa/moc/www/F803657048E8999DBF01DF5003DC66758F401B8D657A94CFD26ACBDCDF00C19E
1.0  1.0  1.0

gov/noaa/nnvl/www/2743F7A0BA1F1C36ACF65352464BB359C10E516E9A07BE55F45EF057D9025C0D
1.0  1.0  0.858565705647

gov/noaa/nnvl/www/4175073C8E56FC2E44812C480BA4A4BF3932705EC267BC677C38B2AF78D2C2AD
1.0  1.0  0.858565705647

gov/noaa/nnvl/www/60371319EE9CC3AB62EE26A3E6F278413B12AA9D635BB6A4E6800B7345DB2F3C
1.0  1.0  0.858565705647

gov/noaa/nnvl/www/7D5E9C77333CEF34A1E22E8C2A82512EF79445E73525B60FA215CA98949A9357
1.0  1.0  0.858565705647

gov/noaa/nodc/www/19FC0D62F517024CE84272C3E9B26743483B6A7232156472A86E7AADA04F4474
1.0  1.0  1.0

gov/noaa/nodc/www/36C8B961C59A38BFA026227C6B66BBD90FC1B3A0DC66975149B140C1C451B08D
1.0  1.0  1.0

gov/noaa/nodc/www/42653C9B7506C03E9942C2E32FC131857D3CB82E8BEAEAF535708423B3E1BB2D
1.0  1.0  1.0

gov/noaa/nodc/www/9E75B1FF02B904F74DA80FB606E8EB065E6220F3743EA71024979BD5A188CE5D
1.0  1.0  1.0

gov/noaa/nodc/www/C8D7911E66A1A5B66CC7C2C5A0FF7584E69FF9CA07E14CDBBBA51D06F5C82244
1.0  1.0  1.0

gov/noaa/nodc/www/CF0F83937D9F36B5827AB554D24F211B13F59CB45E7E6FE9A96942DFCEAC46E7
1.0  1.0  1.0

gov/noaa/nodc/www/D488B3A1F7AA429173E6B3F0FBAD7C27A5635355AA6E0F4E131181F5E6D92F23
1.0  1.0  1.0

gov/noaa/nwfsc/www/7B86DA31B61C14F548CD3EBA41D7A74C6700D1D4E5AE5E6A678EC4A2F8B380FC
1.0  1.0  1.0

gov/noaa/nwfsc/www/B35E3B31C94D028AD118C54A66492010C37FEC99F2D714FC186E3DFDF0B99D86
1.0  1.0  1.0

gov/noaa/nws/www/1D779C4615D391028D74C91760E367C303543F6105D5220CA8266269CD41C1C9
0.991098317677  0.767976316884  0.09948807545

gov/noaa/nws/www/218BB0ECDE2A6BBEAE6F9A8FEF3C742F1B1B7ED0255BA613B679629FF102983A
0.991586669841  0.795757434548  0.107409914148

gov/noaa/nws/www/334614D078EE249FDAC35C940E4B2CF95D482990BC0F720EF3349DEAEA1EC25C
-0.063485675125  0.596039084444  -0.00252281082085

gov/noaa/nws/www/3EB9678300DC66D5E7D258C6AF736288118E30D24481F92F13D3F15D356831F9
0.990463358292  0.821391741338  0.112154062182

gov/noaa/nws/www/558D04E974BF509A6440D9B2575D6B893A18954E4205ED3A955151D0184A023D
-0.356688187503  0.966038122221  0.166219852701

gov/noaa/nws/www/72A0E6DDC902E3D804388A6077D1F376F543DD51C090A2E476BF8A55B9AFE30C
0.986440050416  0.881414545513  0.123779601015

gov/noaa/nws/www/81F3F3D4646FC013AE85AEA9DAFA88505A09CF048A28E741628BC3C87D6B2CCB
0.997587718073  0.493333906383  0.0526547933218

gov/noaa/nws/www/C4095F692D8BD79547F9CE67E557FB0C004A809A5597614B7D57C0D300712DF6
0.986440050416  0.881414545513  0.123779601015

gov/noaa/nws/www/DD2B6EECF111B1766D6F6AC9742876CCF93DC07804E0CCFE537DEAB3388EFE1B
0.992217511762  0.570330567686  0.0601514398737

gov/noaa/nws/www/F3DD938C59BE28AFCB714FF87C6B3A89116E33B5717406262F773D2519C78B5E
0.997746405718  0.473595033716  0.048825558767

gov/noaa/oceanservice/4DA546EC14EB7EA7B709DD26703C0662E1A09D478451E16D980D881D754AB092
1.0  1.0  1.0

gov/noaa/oceanservice/4EAFA75BF4978FA3592D4B1F51E925FAA728866572830344EC98130F3BD9A208
1.0  1.0  1.0

gov/noaa/oceanservice/6D5306E0CA84FF57B470DC6EE7658473E9AA720D9FEA5A522134751F0DA06487
1.0  1.0  1.0

gov/noaa/oceanservice/9AD03CF9B55191EBA1428AEDB3E85A9D8D9C28F7DFCABE957F0014340C779CEA
1.0  1.0  1.0

gov/noaa/oceanservice/9CF900D331EF11C35FF6B734CE092A0CA02BDAC64631CD4CF4093C76B069E966
1.0  1.0  0.858565705647

gov/noaa/oceanservice/CE4CA4971F1C3B6EF97D9729DC8AC60F18C0C200A593A3829461C78DFBC26EE7
1.0  1.0  1.0

gov/noaa/oceanservice/FDD5FCA3242A49C49E09908E28610469B02A5E60B5DB7B8EE70184B99519C1DA
1.0  1.0  1.0

gov/noaa/oceantoday/011E2994FA87ED730DB324C5657A4958A56B41473A02301AA399B038F049FFDB
1.0  1.0  1.0

gov/noaa/oceantoday/076CC9BC58E7009DFE6F11602C95D6EC4DD6C7DF88B8456A2E2C2228086FBE66
1.0  1.0  1.0

gov/noaa/oceantoday/0962661472315ED43C441078EC55107F997C86D41D9477EAA404656B16210232
1.0  1.0  1.0

gov/noaa/oceantoday/0CA2FC6CB92F997E6DA218F2AB84BB995B258F186B01960A1455DE8AF71D096C
1.0  1.0  1.0

gov/noaa/oceantoday/0FF18746B64CA7248CB2E620A2858CA648DB0C1F05A5D01D930CCA5D60387EE3
1.0  1.0  1.0

gov/noaa/oceantoday/106165A1674112B795AA51A2B21B7DABCB5904C8486C68EC9803048E5115311C
1.0  1.0  1.0

gov/noaa/oceantoday/1A33D5BD18B7ABC7A4D973B284161B4F14C76F24F63B7879F76B8A1335C54E95
1.0  1.0  1.0

gov/noaa/oceantoday/1B3125813F9C3A4DB42B9E039A3279BB172413F2DE30110D65D12B5A7ADCF793
1.0  1.0  1.0

gov/noaa/oceantoday/1F130D3553133946AC49AC275A5132B5915593CDC1E2291F187D4E1BEA472704
1.0  1.0  1.0

gov/noaa/oceantoday/20437BB28E7E9ED30494487F78EAE27BCD6614B9C5712D410ACDC109676CC7F5
1.0  1.0  1.0

gov/noaa/oceantoday/240ED90E4403C1B659E2007D6A259077A5903A22F4D215F59668BA073E0E7B42
1.0  1.0  1.0

gov/noaa/oceantoday/26A8F2FCA17267FF6283ADEA8FF6622B1C4655FAEAC42A73F43CDF5284CFFC3A
1.0  1.0  1.0

gov/noaa/oceantoday/2AD2B86CB77BCB5E683CA4D31A732B4B9D7537F40700D50B80A1ACE0590556A3
1.0  1.0  1.0

gov/noaa/oceantoday/329C2F306DA3E433A13F4D9E87CC81EBE40C2399E9D4204F80EAA8152E53770D
1.0  1.0  1.0

gov/noaa/oceantoday/34121A9361200ECA5E48B3F175DDA24AC85D9AD04D2FAA0428EE689B10DCE2A5
1.0  1.0  1.0

gov/noaa/oceantoday/441650C03C9B8855787E56835809B94378D0ED11D5B8BFE3B0452ACE59249478
1.0  1.0  1.0

gov/noaa/oceantoday/45E7141CE72902681F7343D03F3DBC9795D2EF016BC09FC43AD93672E7588453
1.0  1.0  1.0

gov/noaa/oceantoday/47F22D3CDD5B130D34398BF9BDACF17B894427056E56D000A8309A4B09E0D333
1.0  1.0  1.0

gov/noaa/oceantoday/49E47DE08035945D75CC7E3857E0901358DAC0701D80057D980BA910392BC215
1.0  1.0  1.0

gov/noaa/oceantoday/4A733BD261DDF6D4A63AF18970191850B7B0675C3C6CDD3A0848B4664CE35A8D
1.0  1.0  1.0

gov/noaa/oceantoday/4DA8813DF5745AED6DE7030F91649D532A5B902368A9326F15D82842B5D32A98
1.0  1.0  1.0

gov/noaa/oceantoday/511FEB02070D9600FECB8645C5C9B954E661E996A946FF5480ACBA4B3E046B06
1.0  1.0  1.0

gov/noaa/oceantoday/579ECC79A1C63D609415EC458183BF4218A5FF2DAD66411492294E0228D13E54
1.0  1.0  1.0

gov/noaa/oceantoday/58E01268627EF71D2215338F5F4AEB1C0E42DBAD1CFA7268C36F829890B5A725
1.0  1.0  1.0

gov/noaa/oceantoday/5C133D4433A65E55C48374F8F41743606792475115FF2D07B40C6D3CFA1F5ABE
1.0  1.0  1.0

gov/noaa/oceantoday/6029C7B4BEAFC55A45B461AD3790B6CE27D63959061A221DBACC932F94ECC0BF
1.0  1.0  1.0

gov/noaa/oceantoday/6297519122246B2D224E181EBE8EB95FD6BFF85D1ECEA9A18F86B8532C9DCD99
1.0  1.0  1.0

gov/noaa/oceantoday/6A197C6D311EC6CED7477FB17B99A53A4E63CE46650C011895DB155B90D49EC3
1.0  1.0  1.0

gov/noaa/oceantoday/7099F10E6B5D93D437B4001FD2FC7B31EA199E958602BD7B15E10BFE19944222
1.0  1.0  1.0

gov/noaa/oceantoday/70CF301B31C90DA458B856CA11B7048C24508B0D389416A9792859640B6BF130
1.0  1.0  1.0

gov/noaa/oceantoday/71C4BB7507E250FED3F4C1232DE4D257716B810D6B9593F5D7589DFF818CC702
1.0  1.0  1.0

gov/noaa/oceantoday/75E49666E0CD83224BAAF4A84099703BE489A980C706A3FE4CBC180B65F13770
1.0  1.0  1.0

gov/noaa/oceantoday/7B51294945A36C8F3809FC566F47B3AB74635EFCC6A09743CC1829A4D2117875
1.0  1.0  1.0

gov/noaa/oceantoday/7DD30F8DD888A0C3DAFFD8AF6745647F81DF71C2D516CB851D926CA275C1BA90
1.0  1.0  1.0

gov/noaa/oceantoday/8490DD0A463904B0C8C6FE56A485D244D3E5E16341088A14A2D70FC08C1A6BBB
1.0  1.0  1.0

gov/noaa/oceantoday/857EFAF5271F7F53EF6BE6145ACD3AB13FBB30C1A48253ACE30C9A1CDE2E5B15
1.0  1.0  1.0

gov/noaa/oceantoday/86DA94B0012CB2F5E5746312DA7B3CE0EA5E052DC0F4ACADBAB8D6A66B3B4E08
1.0  1.0  1.0

gov/noaa/oceantoday/8D125114FA9B5E00788E2381EB6C909D0DBB12DB257DD381193F096E71A9651C
1.0  1.0  1.0

gov/noaa/oceantoday/8DC59D8CF54B6E5BAE3AEF23A192EC80E945E2A76B68240269E31D8B2DFFD683
1.0  1.0  1.0

gov/noaa/oceantoday/97473732A7AF94624711DEAEAFAD7A57F97E460D4C67ECA0A7CAFDD3C8363C40
1.0  1.0  1.0

gov/noaa/oceantoday/9C127AEF90B58C1BA9CC5F08E559F115BC23E9DD04343C74C1301BE2B4477259
1.0  1.0  1.0

gov/noaa/oceantoday/9D771D1ACA62D92616329D77716F327C34EB19146857F721B4F51FDFA177EF60
1.0  1.0  1.0

gov/noaa/oceantoday/9DCFC25B0195ADC69DB0585F34E7A7BFCF2F122BE672F6258BCE5973A76777DA
1.0  1.0  1.0

gov/noaa/oceantoday/A026DBB173F1606DBD427BF2E602214124E922FBD3AEFDC85B2690E231FEE1AB
1.0  1.0  1.0

gov/noaa/oceantoday/A19B0CD4FE2B1491E61B56DB7B0784128FA8CA3DE58EDDB73798192CB41B00B9
1.0  1.0  1.0

gov/noaa/oceantoday/A23B2EEBCF772B426F7127DC510BBAC1F8FAC161A36422167A37EEF839D3E5DF
1.0  1.0  1.0

gov/noaa/oceantoday/A8940060C13A25393BD8EBD126B7BD3A325946E849185065367FCE2DB1A158BD
1.0  1.0  1.0

gov/noaa/oceantoday/A8DA39E8761C4B47CBBD999E3EABEE2765B3B1914C682BC762EF03CE83D740B8
1.0  1.0  1.0

gov/noaa/oceantoday/AB782AEC127F9659F4D705DEEECC5C79071A9FB08C4D4752F11A099DCCDEF52B
1.0  1.0  1.0

gov/noaa/oceantoday/AF77F2C9593A14F584C7CAB7C90EFB20F3B23098875207DB7A9641382BB8D89B
1.0  1.0  1.0

gov/noaa/oceantoday/B3D06AFBD451C85BE7923C61836D3FFA79C5E02CA54CD7995D6D918F5C8825C4
1.0  1.0  1.0

gov/noaa/oceantoday/B84045C12DF0A9A19D346095B64F3FB7013E1AF65AE131C59ECBEA95679FC7D8
1.0  1.0  1.0

gov/noaa/oceantoday/BBEC52187419B78D5624782E73FDE1566498BCFE733F2564470B0D8D7E1FD990
1.0  1.0  1.0

gov/noaa/oceantoday/C67476E7DCE4E47D3A7D6228ACA9FAD73ADB35186A3D38C0902216B79D39EA4F
1.0  1.0  1.0

gov/noaa/oceantoday/C83BA2343974B90792F212DD045D6166F17472EC9899011E600CE18B0A036EA8
1.0  1.0  1.0

gov/noaa/oceantoday/C90276287FDBDED0D8E9B9A3B5E555D6ABEC832074CA2C7BB94D6EF3B07450EB
1.0  1.0  1.0

gov/noaa/oceantoday/C920096BDC61B9A87C856B0D6372EA7AC3FE4CAB171D17B2279C578AD9EC9EE9
1.0  1.0  1.0

gov/noaa/oceantoday/C93AD7D0EBD618EAC91BFB457FBF168559BEA0A986EF038435E8D01551B0528B
1.0  1.0  1.0

gov/noaa/oceantoday/CC1F2D8037A9557D19913CAFAC8A5E8CD7658061255AAB9E4093E40298824F7A
1.0  1.0  1.0

gov/noaa/oceantoday/D5AA96D6A80BDF036F8ADE6C914CE599434FAE8F1378C3B940B1372A1F6D4233
1.0  1.0  1.0

gov/noaa/oceantoday/D86EE15FD83DA5A3881A518FB73ED1F3FDBB2B4DE5719AC95ED6FBEDADAC0507
1.0  1.0  1.0

gov/noaa/oceantoday/DD1F1C7A0EC294BDD4C3FBDDD14205C0234AC89F41D3C0C3F7A6948CCC7BB3B7
1.0  1.0  1.0

gov/noaa/oceantoday/DFFD8957B27A13E68AD5840D23AA9169A7668E92AF5245D6EFBD32252F5F6E7E
1.0  1.0  1.0

gov/noaa/oceantoday/E47B3B7A231661214CA8B7AE90F98B72FB15B9D17508EF8ADEBA39EB555896FC
1.0  1.0  1.0

gov/noaa/oceantoday/E97D1DB9D46E65AE6F8053A9EF24B42A657D687B30B4FC10020E38E8CD8A1E2D
1.0  1.0  1.0

gov/noaa/oceantoday/E9D7B6BD3C1B7FF9B8CB450622C8A5E252B1DBD8295CCEE706635EAEFF7D34BA
1.0  1.0  1.0

gov/noaa/oceantoday/EC383B2801591A8326D956604987E2ACEAC8FA8775DF5E203F2FC9FDA9EA5627
1.0  1.0  1.0

gov/noaa/oceantoday/EC40623E7298BA1827270EE8D3F90D12FAE66AC121B51BECE9BF7A1535E91A9F
1.0  1.0  1.0

gov/noaa/oceantoday/FE4CBB0A53C9C7C8F2B4CDCF90CBD3C388278776BCE105D2C0B7267EA1F7341C
1.0  1.0  1.0

gov/noaa/oceantoday/FEAEBD28CD3C32232E8CE4E40063DB4E7BB0728F33EBD364333B1CFA1D555580
1.0  1.0  1.0

gov/noaa/sanctuaries/3A81BE4D899843740BF7CAA02CDF67D960827D0ECD9E4D4A3C596CF86A691DD4
1.0  1.0  1.0

gov/noaa/sanctuaries/58BAB83D16412E77583BFD2D0DA3567DB1F839E546864CF19CD56BD160168FB9
1.0  1.0  1.0

gov/noaa/sanctuaries/5C69CD792C9DFF7545EE29C3A29DDDD8096F8F961BA138DE6DB35054F8740383
1.0  1.0  1.0

gov/noaa/sanctuaries/789D381C409619841BF75D8CCF5407D0EAA452E061CAE38CBA0C086513E024D0
1.0  1.0  1.0

gov/noaa/sanctuaries/8EC02C3A4B0AE05457FCE4DCDBD4162EE990BC6113855D221E6C33E9D5545700
1.0  1.0  1.0

gov/noaa/www/16824DF09C380DFF32B674665D779A5FA808BFC6A3798732B33D5EE8AB19690D
1.0  1.0  1.0

gov/noaa/www/65620DF45A516597BE617AED10EB8B3E81C57600E113B1D848FE9C97F23A8C56
1.0  1.0  1.0

gov/noaa/www/80E88828E4035727F7016428BEA14FB4199F0552E92D7DF80E2BC244FE179FAE
1.0  1.0  1.0

gov/noaa/www/9092478E3F1B50DA3FD4B391790567ABA80EA5E2D3B4439E3FE8991FEDB0F5BD
1.0  1.0  1.0

gov/noaa/www/93EF59B87E816378FB9837F0639D8DE9E93DCC60E2337C123E43AC673BCB0A2D
1.0  1.0  1.0

gov/noaa/www/C17CF7B80F2EE34A95B9E2F11C08733817CC178C692BF1F6DE2DD28A9FE2F62B
1.0  1.0  1.0

gov/usgs/er/coastal/1FE8F1C75DCF497282A980D065AFF902E8FC6019ABCA8257A03CBF84B0D3E4E0
1.0  1.0  1.0

gov/usgs/er/coastal/96C8779D47A6E56363AA3243340F899B4CA3A258C78DDBD7D8AA96FE8F6BF7D3
1.0  1.0  1.0

gov/usgs/er/coastal/A8FD289BA4D6849088ACFCFF6F605FFA31930FE653922B3DFAB588BF1489D69E
1.0  1.0  1.0

gov/usgs/wr/media/0BE640B2DDC5A25D54E28724BD0B9DB23D5A1BBB64737B1CCCE2D4B7AF9BD143
1.0  0.997446888715  0.85702824127

gov/usgs/wr/media/24400293387FBD32D0518DA734D00398786CE8DF8144EB0CABD74CCDC3A36701
1.0  0.997446888715  0.85702824127

gov/usgs/wr/sbsc/4378E0B3FA87A3280B8C996DEAF243D7E90ABC9574A5630E9D499859FBEB7D5E
0.999870892776  0.857380814546  0.134628855687

gov/usgs/wr/walrus/F94AEA6016FE4203861A126A5F63CB9868A2A423EECB520743F7C54A9BFBADBE
1.0  1.0  1.0

no/uit/cage/E60DB05D6357B75EA59C0CB7FE0E447BA002BEC9887FDD42E29FE0F9F5D5808E
1.0  0.997446888715  0.856991363591

org/creativecommons/mirrors/1A61127607FE055858DC465B757D247596D05C58702B2386D8E1AA49D2582618
0.799626784492  0.512742632821  -0.0133084852236

org/creativecommons/mirrors/23DD7B401770693EEFD44C5337BA37B3E611EBD7C3D4D1EE69F67604105E1168
1.0  1.0  1.0

org/creativecommons/mirrors/ED1C90223151B68575F07F270C1D1B04BF0E49A717BBF4BCCA02339C9E9853F1
1.0  1.0  1.0

org/doi/www/6EE7C124D69F525C5A759080A991C3BF36F879A43597435CDABBC30B88EFEE64
1.0  1.0  1.0

org/nsidc/C332460A5385758DDECBE5AC02D4491EBE66565BCA4C939135955CA3812B10A5
1.0  1.0  1.0

org/snowchange/www/383CD586A3D3629015E1DB6131FB09CEEBCDD89DE00FDC4CBA1A14083FB67175
1.0  0.999709713747  0.858304322731

org/snowchange/www/79C2ADF85EFEC9D8B8BD3CFB5175FE82A0FE31A348F73A8BBF5A35373823A5F4
1.0  0.997446888715  0.988412655172

tv/uctv/podcast/5677A060E1F965F9E1BE883F0A4C57001D4F0CD7976D2C7A0E13938323B93DD8
1.0  1.0  1.0

tv/uctv/podcast/7AF6947D486B722DA84DF86D49B2C6DF9A269126A173A1C80D11A4311B2EEF5B
1.0  1.0  1.0

