uk/ac/nerc/badc/905A20E76ABC8CE5FDCB09C22F89974AD5518DC13E08636997CAEB0AE6FBE701
1.0  0.999967478832  0.999965073208

uk/ac/nerc/badc/93D12BF5323A3E636953735029B11D22A67F5261FD8CA7F92703CF83CE22D061
1.0  0.999967478832  0.999965073208

uk/ac/nerc/badc/984CB2B8BA0CFE418B0EF961F6DCA6601219FC7AEA29D6F8B2A42D2895F5CF79
1.0  0.999976857071  0.999980905026

uk/ac/nerc/badc/A4CADD173D322299E72198C19DF196D592458F44909018B0DC6EA67A6FA8542B
1.0  1.0  1.0

uk/ac/nerc/badc/B010048FDCF68607E37738C83DEB03B2F5591328ABA9706D05C0DACBED01FC51
1.0  1.0  1.0

uk/ac/nerc/badc/F3FB029D168B0EE39E0A265A73DB2ECE86A2950BA7A1D6BB468903746D0691D0
1.0  0.999976857071  0.999980905026

uk/ac/nerc/badc/F4A841B4C3DCB36EE7B9D559621BCFE25B852BE4326F0A910B315368894B59AF
1.0  1.0  1.0

uk/ac/nerc/badc/FD83CD7C6CF64EC94FC1BFFF578AE1E8D617454611488272DFCEBBE73EC8897C
1.0  1.0  1.0

