gov/nasa/larc/asd-www/2E11E486A249A260796A1B88E4CFB1143B4D9D79BD371794AFCB256B46F87C56
1.0  0.993027823548  0.63968233567

gov/nasa/science/28DAA520FB3A90D4906456DD0C16CDBBA1FBB503E3A01B73A3E4B7DA7569DC36
0.896242065805  0.807267371883  0.357130464363

gov/nasa/wff/code830/0701A5CA3CB7768194BBA2A12DA585C0CEF72B17E4CFEE0B197CF254A1FFE31B
-0.21678564237  0.27088464471  0.386889817393

gov/nasa/wff/code830/1E49EE56428BF72463510AE062CC08B247617FA5C37CACAEADD4DC6DD5143E23
-0.21678564237  0.27088464471  0.386889817393

gov/nasa/wff/code830/1FBC7DFBB6B8CF1B5F832B1C2F0C1D19E4D043CB837240D9DFEC955070AB0DBC
-0.21678564237  0.27088464471  0.386889817393

gov/nasa/wff/code830/230EF87E350AC45C8B58DC1510126469E64DC8EB4C9089997ADD9036238F25CE
-0.21678564237  0.27088464471  0.386889817393

gov/nasa/wff/code830/3003C77FE2426E4533D6A6BF407233A97FFD9A8D074AA7E097FDAFA1AEEC2379
-0.21678564237  0.27088464471  0.386889817393

gov/nasa/wff/code830/3632238DA2552DFA3DC24CEF66FFC90ECEA3032B3A33D7F66357C2308F1FA0DB
-0.21678564237  0.27088464471  0.386889817393

gov/nasa/wff/code830/570C5E6B09C0330C6144BDF5CF6B4413226145623016D7B7E94F06D157A33C9C
-0.21678564237  0.27088464471  0.386889817393

gov/nasa/wff/code830/6D4A867CB9E092EF23447A7795D563037D62928A2D778D42EA57A73871CD8F55
-0.21678564237  0.27088464471  0.386889817393

gov/nasa/wff/code830/6E2116BC2FD3E6AA8CC0F1B12401DBF118FAA5EFAD2ACC11B85D82E144A263D1
-0.21678564237  0.27088464471  0.386889817393

gov/nasa/wff/code830/76BE80F048569E8A71CED68B3D93DFFFA24425CD139A813CB7C98FB5F5ED0E14
-0.21678564237  0.27088464471  0.386889817393

gov/nasa/wff/code830/96C5F40BC65843D04482442E6BF65233D925E405E122442757051804FA67F0DC
-0.21678564237  0.27088464471  0.386889817393

gov/nasa/wff/code830/9C8D2022F16E07FF9918C19077F26477414D3066B16AB1E67870C011A69EA569
-0.21678564237  0.27088464471  0.386889817393

gov/nasa/wff/code830/9D4E23DE61DD17FDB12F6A2201986B000A55853B4D8E4B33D90B4AF668B6D818
-0.21678564237  0.27088464471  0.386889817393

gov/nasa/wff/code830/A6FBFDB36E5FC0889CEE5E4DEB1A374E7343ED7BCC16FC0057A37E6D4E6B2E47
-0.21678564237  0.27088464471  0.386889817393

gov/nasa/wff/code830/AA74D7B46C1C8A74052C7A90E495BFEF72CBF24D18252F37AA71CC5F8E95FCF4
-0.21678564237  0.27088464471  0.386889817393

gov/nasa/wff/code830/BB76CAB98E31D4DD47519081905D068A10AAE00C33F915BEF7CBFF21F4B2B308
-0.21678564237  0.27088464471  0.386889817393

gov/nasa/wff/code830/BF71B6415E3DDCE019F93483E6871E21CDEFB387DCF71F007CA57BEB4DDF2D9B
-0.21678564237  0.27088464471  0.386889817393

gov/nasa/wff/code830/CEB8937366956D1A6AF081A77E9DF5047043297E06201678E3D89059BCB19D94
-0.21678564237  0.27088464471  0.386889817393

gov/nasa/wff/code830/CEE70CE563F31B5831D4AE4815FEC82F6E5A9E64DE8414A58E204F95E5606AB8
-0.21678564237  0.27088464471  0.386889817393

gov/nasa/wff/code830/D206BB8872EB7DE6D5FAF34DE4E6017C418584FC810687D30F932D1C6DC6CF92
-0.21678564237  0.27088464471  0.386889817393

gov/nasa/wff/code830/D533E1CBFDE5249243569468D8A9E6D2DACB675438CDB77F7904ED84EF7CD1C0
-0.21678564237  0.27088464471  0.386889817393

gov/nasa/wff/code830/DFCFCCC0A83445864E39D5D7E0C5A5DB52233F3A00A4BF66D468C93DD67B16DD
-0.21678564237  0.27088464471  0.386889817393

gov/nasa/wff/code830/DFE690B33F958775B9029CFA5CF7E16E8D149B3218FEFE98AEAC295D1435691D
-0.21678564237  0.27088464471  0.386889817393

gov/nasa/wff/code830/F3F21E342582C64AE58F5D6BA4F394015C1EF41A072A8492574CB39FE53D51ED
-0.21678564237  0.27088464471  0.386889817393

gov/nasa/wff/code830/F6BD97782838248A36986DA0403609FC81741CA3C2DAB002C67C0328AC7989B6
-0.21678564237  0.27088464471  0.386889817393

gov/nasa/wff/code830/FD6A7563028C40170552EBE4BD7C23BDA3DFC572E841FF212D71EE3B86E038D8
-0.21678564237  0.27088464471  0.386889817393

gov/nasa/wff/code830/FF1A077847A0178620134EB46C6C23685E2E0BB4DBF52CC161AABA93D1C1EFD9
-0.21678564237  0.27088464471  0.386889817393

gov/noaa/nos/ccma/B0B72CE6F1C503F2B92DEC1D71E1C764FE652037FFCBCF6C7CC6F08C5937EA31
0.896242065805  0.868578688963  0.388127220598

uk/ac/nerc/badc/012FF4B1AEC0A765526214AE5E93563821A463C972EBDFD676853D6A68CDC6E7
0.535483543937  -0.366807644735  -0.183851927878

uk/ac/nerc/badc/1CA9C548754561FE75693C96A792E24C7479F94372A4440773A48A928B4A9BC2
0.535483543937  -0.366807644735  -0.183851927878

uk/ac/nerc/badc/316CA2D8DCDD8238FABE248FABBEE362632E4F415BDE7D1A51868D059319C6AC
0.535483543937  -0.366807644735  -0.183851927878

uk/ac/nerc/badc/49227B8C28D74842E922B95E373DEA9C3EFAE7B7420F2AE4B1D2D7D727097BEF
0.535483543937  -0.366807644735  -0.183851927878

uk/ac/nerc/badc/4A462C9AFCA9A7562F60A56A0A721E87D444C732A8E244568AB2D737E0C88BB1
0.535483543937  -0.366807644735  -0.183851927878

uk/ac/nerc/badc/70E601310BACAF6ADE8977E8F4F4216A23DA7C58E7F262A6A880DED280A12326
0.535483543937  -0.366807644735  -0.183851927878

uk/ac/nerc/badc/85F7D86D25698F16FC9DA3CAA027241E4FEBDE87D06B30F8C085C599EE7537BB
0.535483543937  -0.366807644735  -0.183851927878

uk/ac/nerc/badc/8DC2AAF2401DE58052494E9933A4638FFBDD9BBA355892007A55039901ECB97A
0.535483543937  -0.366807644735  -0.183851927878

uk/ac/nerc/badc/98AB1F90ED2FE1ECF25CA067C481F6AE208FDF7571393CD58CDCABE6E41DD268
0.535483543937  -0.366807644735  -0.183851927878

uk/ac/nerc/badc/A04FD0F096E50EFCE76DF450A761C8E487D3C858838EC0D57CE6BB8218330285
0.535483543937  -0.366807644735  -0.183851927878

uk/ac/nerc/badc/BBA4245175FDF81A8AE4A1BC3AE1569BB53334DC387EE35EB012C3212AEBD0A8
0.535483543937  -0.366807644735  -0.183851927878

uk/ac/nerc/badc/BBF232322CAAA12DBF46C23015289BAC0247B1AF0CE06C687AD1C17960139EF2
0.535483543937  -0.366807644735  -0.183851927878

uk/ac/nerc/badc/D0DEBADBC96112E9E0530B2FE49845276EA2FB627589FDFF19A7E5F08A228EEA
0.535483543937  -0.366807644735  -0.183851927878

uk/ac/nerc/badc/D28C5C922CD75932E22EF9F11DBFF58EDE67C7B1779EA85E2357549DF5C9BDF9
0.535483543937  -0.366807644735  -0.183851927878

uk/ac/nerc/badc/D3B852BD265C21A311B177ADAB5E2AB9763D7C954FA4FFC88DE710227AD1D1AB
0.535483543937  -0.366807644735  -0.183851927878

uk/ac/nerc/badc/D8F58858CCC6DA69457862C53FA1249C0502C469243648CA0C1425B9D1077BB4
0.535483543937  -0.366807644735  -0.183851927878

uk/ac/nerc/badc/DBA2C2D2FFCC0FDC4D41AAD10A31219E5DDB30487132793CD89BEC9829DA0396
0.535483543937  -0.366807644735  -0.183851927878

uk/ac/nerc/badc/DED0B300EB37FBFF63CDB732E46D2B2A07862BC9DC7FF7ACB90070F6F4C3C30D
0.535483543937  -0.366807644735  -0.183851927878

uk/ac/nerc/badc/E7B8927A7D9A4FCCD57A7CAC5AC4044D27B4DCC8C8A22096FB9FEF8988BA0255
0.535483543937  -0.366807644735  -0.183851927878

uk/ac/nerc/badc/F8818905BB3D61147ABB6CC84CD249A445898930A6A07E7E755D7120E11B5F1D
0.535483543937  -0.366807644735  -0.183851927878

uk/ac/nerc/badc/FD65FFB1A3C8CE5185EEBB70DE5846BEF4EADAEF0C2C8FCCF99031025A3A969A
0.535483543937  -0.366807644735  -0.183851927878

